      1      1 1.16699E+01
      1      2 1.44720E+00
      1      3 5.88670E-02
      1      4 3.12206E-03
      1      5 1.78522E-04
      1      6 1.44508E+00
      1      7 3.17657E-01
      1      8 2.34106E-02
      1      9 1.55137E-03
      1     10 1.03066E-04
      1     11 5.88077E-02
      1     12 2.34527E-02
      1     13 3.84617E-03
      1     14 3.88393E-04
      1     15 3.37527E-05
      1     16 3.15754E-03
      1     17 1.57416E-03
      1     18 3.90993E-04
      1     19 5.92912E-05
      1     20 7.10272E-06
      1     21 1.82522E-04
      1     22 1.04921E-04
      1     23 3.45174E-05
      1     24 7.19687E-06
      1     25 1.19744E-06
      2      1 1.44720E+00
      2      2 1.02793E+01
      2      3 1.39062E+00
      2      4 5.56610E-02
      2      5 3.09696E-03
      2      6 3.16940E-01
      2      7 1.15500E+00
      2      8 2.95934E-01
      2      9 2.18624E-02
      2     10 1.55048E-03
      2     11 2.33236E-02
      2     12 3.94377E-02
      2     13 1.98412E-02
      2     14 3.46314E-03
      2     15 3.86679E-04
      2     16 1.56030E-03
      2     17 2.00337E-03
      2     18 1.21726E-03
      2     19 3.36827E-04
      2     20 5.86373E-05
      2     21 1.03863E-04
      2     22 1.14147E-04
      2     23 7.64013E-05
      2     24 2.80024E-05
      2     25 7.09667E-06
      3      1 5.88670E-02
      3      2 1.39062E+00
      3      3 1.02800E+01
      3      4 1.38996E+00
      3      5 5.83353E-02
      3      6 2.33806E-02
      3      7 2.94484E-01
      3      8 1.15298E+00
      3      9 2.95173E-01
      3     10 2.34119E-02
      3     11 3.82972E-03
      3     12 1.98247E-02
      3     13 3.90478E-02
      3     14 1.98657E-02
      3     15 3.83048E-03
      3     16 3.90292E-04
      3     17 1.22155E-03
      3     18 1.93286E-03
      3     19 1.22442E-03
      3     20 3.88280E-04
      3     21 3.40773E-05
      3     22 7.62660E-05
      3     23 1.07066E-04
      3     24 7.64851E-05
      3     25 3.38858E-05
      4      1 3.12206E-03
      4      2 5.56610E-02
      4      3 1.38996E+00
      4      4 1.02829E+01
      4      5 1.44439E+00
      4      6 1.54479E-03
      4      7 2.17455E-02
      4      8 2.95512E-01
      4      9 1.15366E+00
      4     10 3.18310E-01
      4     11 3.86808E-04
      4     12 3.45216E-03
      4     13 1.98657E-02
      4     14 3.96096E-02
      4     15 2.34682E-02
      4     16 5.89504E-05
      4     17 3.35731E-04
      4     18 1.21861E-03
      4     19 2.00355E-03
      4     20 1.55127E-03
      4     21 7.11548E-06
      4     22 2.79305E-05
      4     23 7.65166E-05
      4     24 1.13959E-04
      4     25 1.02657E-04
      5      1 1.78522E-04
      5      2 3.09696E-03
      5      3 5.83353E-02
      5      4 1.44439E+00
      5      5 1.16708E+01
      5      6 1.01979E-04
      5      7 1.53441E-03
      5      8 2.33122E-02
      5      9 3.17365E-01
      5     10 1.44784E+00
      5     11 3.37435E-05
      5     12 3.87471E-04
      5     13 3.85870E-03
      5     14 2.35192E-02
      5     15 5.89144E-02
      5     16 7.14236E-06
      5     17 5.90132E-05
      5     18 3.89522E-04
      5     19 1.55131E-03
      5     20 3.10610E-03
      5     21 1.19620E-06
      5     22 7.14491E-06
      5     23 3.41496E-05
      5     24 1.02780E-04
      5     25 1.77778E-04
      6      1 1.44508E+00
      6      2 3.16940E-01
      6      3 2.33806E-02
      6      4 1.54479E-03
      6      5 1.01979E-04
      6      6 1.02796E+01
      6      7 1.15372E+00
      6      8 3.96384E-02
      6      9 1.99292E-03
      6     10 1.13452E-04
      6     11 1.39293E+00
      6     12 2.95565E-01
      6     13 1.98924E-02
      6     14 1.21758E-03
      6     15 7.56262E-05
      6     16 5.61156E-02
      6     17 2.21886E-02
      6     18 3.49727E-03
      6     19 3.39345E-04
      6     20 2.79958E-05
      6     21 3.15568E-03
      6     22 1.57796E-03
      6     23 3.96851E-04
      6     24 5.99252E-05
      6     25 7.19085E-06
      7      1 3.17657E-01
      7      2 1.15500E+00
      7      3 2.94484E-01
      7      4 2.17455E-02
      7      5 1.53441E-03
      7      6 1.15372E+00
      7      7 9.16029E+00
      7      8 1.11678E+00
      7      9 3.75963E-02
      7     10 1.99609E-03
      7     11 2.95409E-01
      7     12 1.11889E+00
      7     13 2.76961E-01
      7     14 1.86881E-02
      7     15 1.21113E-03
      7     16 2.19547E-02
      7     17 3.77644E-02
      7     18 1.87334E-02
      7     19 3.17269E-03
      7     20 3.35259E-04
      7     21 1.56023E-03
      7     22 2.00528E-03
      7     23 1.22558E-03
      7     24 3.37613E-04
      7     25 5.89512E-05
      8      1 2.34106E-02
      8      2 2.95934E-01
      8      3 1.15298E+00
      8      4 2.95512E-01
      8      5 2.33122E-02
      8      6 3.96384E-02
      8      7 1.11678E+00
      8      8 9.15682E+00
      8      9 1.11890E+00
      8     10 3.99417E-02
      8     11 1.99280E-02
      8     12 2.77075E-01
      8     13 1.11488E+00
      8     14 2.76992E-01
      8     15 1.99599E-02
      8     16 3.49310E-03
      8     17 1.87861E-02
      8     18 3.72847E-02
      8     19 1.88227E-02
      8     20 3.48253E-03
      8     21 3.90676E-04
      8     22 1.22185E-03
      8     23 1.93966E-03
      8     24 1.22603E-03
      8     25 3.90068E-04
      9      1 1.55137E-03
      9      2 2.18624E-02
      9      3 2.95173E-01
      9      4 1.15366E+00
      9      5 3.17365E-01
      9      6 1.99292E-03
      9      7 3.75963E-02
      9      8 1.11890E+00
      9      9 9.16045E+00
      9     10 1.15400E+00
      9     11 1.22206E-03
      9     12 1.87188E-02
      9     13 2.77019E-01
      9     14 1.11761E+00
      9     15 2.94870E-01
      9     16 3.38577E-04
      9     17 3.16327E-03
      9     18 1.87702E-02
      9     19 3.78074E-02
      9     20 2.18559E-02
      9     21 5.91130E-05
      9     22 3.37142E-04
      9     23 1.22894E-03
      9     24 2.00540E-03
      9     25 1.54720E-03
     10      1 1.03066E-04
     10      2 1.55048E-03
     10      3 2.34119E-02
     10      4 3.18310E-01
     10      5 1.44784E+00
     10      6 1.13452E-04
     10      7 1.99609E-03
     10      8 3.99417E-02
     10      9 1.15400E+00
     10     10 1.02777E+01
     10     11 7.63947E-05
     10     12 1.22017E-03
     10     13 1.99397E-02
     10     14 2.94835E-01
     10     15 1.39223E+00
     10     16 2.80910E-05
     10     17 3.34909E-04
     10     18 3.44595E-03
     10     19 2.16822E-02
     10     20 5.52844E-02
     10     21 7.10707E-06
     10     22 5.88180E-05
     10     23 3.88034E-04
     10     24 1.53642E-03
     10     25 3.07605E-03
     11      1 5.88077E-02
     11      2 2.33236E-02
     11      3 3.82972E-03
     11      4 3.86808E-04
     11      5 3.37435E-05
     11      6 1.39293E+00
     11      7 2.95409E-01
     11      8 1.99280E-02
     11      9 1.22206E-03
     11     10 7.63947E-05
     11     11 1.02750E+01
     11     12 1.15181E+00
     11     13 3.91382E-02
     11     14 1.94187E-03
     11     15 1.06677E-04
     11     16 1.39022E+00
     11     17 2.97053E-01
     11     18 2.00498E-02
     11     19 1.24054E-03
     11     20 7.71996E-05
     11     21 5.86817E-02
     11     22 2.35379E-02
     11     23 3.90466E-03
     11     24 3.97618E-04
     11     25 3.46565E-05
     12      1 2.34527E-02
     12      2 3.94377E-02
     12      3 1.98247E-02
     12      4 3.45216E-03
     12      5 3.87471E-04
     12      6 2.95565E-01
     12      7 1.11889E+00
     12      8 2.77075E-01
     12      9 1.87188E-02
     12     10 1.22017E-03
     12     11 1.15181E+00
     12     12 9.15735E+00
     12     13 1.11600E+00
     12     14 3.72771E-02
     12     15 1.92271E-03
     12     16 2.95443E-01
     12     17 1.11759E+00
     12     18 2.76636E-01
     12     19 1.88680E-02
     12     20 1.22447E-03
     12     21 2.34201E-02
     12     22 3.96420E-02
     12     23 2.00076E-02
     12     24 3.50346E-03
     12     25 3.91541E-04
     13      1 3.84617E-03
     13      2 1.98412E-02
     13      3 3.90478E-02
     13      4 1.98657E-02
     13      5 3.85870E-03
     13      6 1.98924E-02
     13      7 2.76961E-01
     13      8 1.11488E+00
     13      9 2.77019E-01
     13     10 1.99397E-02
     13     11 3.91382E-02
     13     12 1.11600E+00
     13     13 9.15956E+00
     13     14 1.11553E+00
     13     15 3.89481E-02
     13     16 1.99136E-02
     13     17 2.75980E-01
     13     18 1.11465E+00
     13     19 2.77887E-01
     13     20 1.99252E-02
     13     21 3.82558E-03
     13     22 1.97935E-02
     13     23 3.90330E-02
     13     24 1.99195E-02
     13     25 3.84711E-03
     14      1 3.88393E-04
     14      2 3.46314E-03
     14      3 1.98657E-02
     14      4 3.96096E-02
     14      5 2.35192E-02
     14      6 1.21758E-03
     14      7 1.86881E-02
     14      8 2.76992E-01
     14      9 1.11761E+00
     14     10 2.94835E-01
     14     11 1.94187E-03
     14     12 3.72771E-02
     14     13 1.11553E+00
     14     14 9.16085E+00
     14     15 1.14982E+00
     14     16 1.22875E-03
     14     17 1.87258E-02
     14     18 2.77370E-01
     14     19 1.11746E+00
     14     20 2.95707E-01
     14     21 3.90226E-04
     14     22 3.49156E-03
     14     23 2.00165E-02
     14     24 3.96789E-02
     14     25 2.34267E-02
     15      1 3.37527E-05
     15      2 3.86679E-04
     15      3 3.83048E-03
     15      4 2.34682E-02
     15      5 5.89144E-02
     15      6 7.56262E-05
     15      7 1.21113E-03
     15      8 1.99599E-02
     15      9 2.94870E-01
     15     10 1.39223E+00
     15     11 1.06677E-04
     15     12 1.92271E-03
     15     13 3.89481E-02
     15     14 1.14982E+00
     15     15 1.02813E+01
     15     16 7.65635E-05
     15     17 1.21671E-03
     15     18 1.97839E-02
     15     19 2.93863E-01
     15     20 1.39108E+00
     15     21 3.40995E-05
     15     22 3.91718E-04
     15     23 3.85256E-03
     15     24 2.33177E-02
     15     25 5.84065E-02
     16      1 3.15754E-03
     16      2 1.56030E-03
     16      3 3.90292E-04
     16      4 5.89504E-05
     16      5 7.14236E-06
     16      6 5.61156E-02
     16      7 2.19547E-02
     16      8 3.49310E-03
     16      9 3.38577E-04
     16     10 2.80910E-05
     16     11 1.39022E+00
     16     12 2.95443E-01
     16     13 1.99136E-02
     16     14 1.22875E-03
     16     15 7.65635E-05
     16     16 1.02791E+01
     16     17 1.15467E+00
     16     18 3.97697E-02
     16     19 2.02787E-03
     16     20 1.15471E-04
     16     21 1.44862E+00
     16     22 3.15678E-01
     16     23 2.34934E-02
     16     24 1.57419E-03
     16     25 1.04978E-04
     17      1 1.57416E-03
     17      2 2.00337E-03
     17      3 1.22155E-03
     17      4 3.35731E-04
     17      5 5.90132E-05
     17      6 2.21886E-02
     17      7 3.77644E-02
     17      8 1.87861E-02
     17      9 3.16327E-03
     17     10 3.34909E-04
     17     11 2.97053E-01
     17     12 1.11759E+00
     17     13 2.75980E-01
     17     14 1.87258E-02
     17     15 1.21671E-03
     17     16 1.15467E+00
     17     17 9.15713E+00
     17     18 1.11767E+00
     17     19 3.79364E-02
     17     20 2.01286E-03
     17     21 3.17309E-01
     17     22 1.15398E+00
     17     23 2.96771E-01
     17     24 2.20714E-02
     17     25 1.56801E-03
     18      1 3.90993E-04
     18      2 1.21726E-03
     18      3 1.93286E-03
     18      4 1.21861E-03
     18      5 3.89522E-04
     18      6 3.49727E-03
     18      7 1.87334E-02
     18      8 3.72847E-02
     18      9 1.87702E-02
     18     10 3.44595E-03
     18     11 2.00498E-02
     18     12 2.76636E-01
     18     13 1.11465E+00
     18     14 2.77370E-01
     18     15 1.97839E-02
     18     16 3.97697E-02
     18     17 1.11767E+00
     18     18 9.16139E+00
     18     19 1.11735E+00
     18     20 3.94837E-02
     18     21 2.33660E-02
     18     22 2.95759E-01
     18     23 1.15008E+00
     18     24 2.95515E-01
     18     25 2.33563E-02
     19      1 5.92912E-05
     19      2 3.36827E-04
     19      3 1.22442E-03
     19      4 2.00355E-03
     19      5 1.55131E-03
     19      6 3.39345E-04
     19      7 3.17269E-03
     19      8 1.88227E-02
     19      9 3.78074E-02
     19     10 2.16822E-02
     19     11 1.24054E-03
     19     12 1.88680E-02
     19     13 2.77887E-01
     19     14 1.11746E+00
     19     15 2.93863E-01
     19     16 2.02787E-03
     19     17 3.79364E-02
     19     18 1.11735E+00
     19     19 9.15618E+00
     19     20 1.15541E+00
     19     21 1.56499E-03
     19     22 2.20574E-02
     19     23 2.95718E-01
     19     24 1.15646E+00
     19     25 3.18086E-01
     20      1 7.10272E-06
     20      2 5.86373E-05
     20      3 3.88280E-04
     20      4 1.55127E-03
     20      5 3.10610E-03
     20      6 2.79958E-05
     20      7 3.35259E-04
     20      8 3.48253E-03
     20      9 2.18559E-02
     20     10 5.52844E-02
     20     11 7.71996E-05
     20     12 1.22447E-03
     20     13 1.99252E-02
     20     14 2.95707E-01
     20     15 1.39108E+00
     20     16 1.15471E-04
     20     17 2.01286E-03
     20     18 3.94837E-02
     20     19 1.15541E+00
     20     20 1.02796E+01
     20     21 1.04360E-04
     20     22 1.56965E-03
     20     23 2.34097E-02
     20     24 3.16452E-01
     20     25 1.44688E+00
     21      1 1.82522E-04
     21      2 1.03863E-04
     21      3 3.40773E-05
     21      4 7.11548E-06
     21      5 1.19620E-06
     21      6 3.15568E-03
     21      7 1.56023E-03
     21      8 3.90676E-04
     21      9 5.91130E-05
     21     10 7.10707E-06
     21     11 5.86817E-02
     21     12 2.34201E-02
     21     13 3.82558E-03
     21     14 3.90226E-04
     21     15 3.40995E-05
     21     16 1.44862E+00
     21     17 3.17309E-01
     21     18 2.33660E-02
     21     19 1.56499E-03
     21     20 1.04360E-04
     21     21 1.16712E+01
     21     22 1.44307E+00
     21     23 5.86708E-02
     21     24 3.15155E-03
     21     25 1.82705E-04
     22      1 1.04921E-04
     22      2 1.14147E-04
     22      3 7.62660E-05
     22      4 2.79305E-05
     22      5 7.14491E-06
     22      6 1.57796E-03
     22      7 2.00528E-03
     22      8 1.22185E-03
     22      9 3.37142E-04
     22     10 5.88180E-05
     22     11 2.35379E-02
     22     12 3.96420E-02
     22     13 1.97935E-02
     22     14 3.49156E-03
     22     15 3.91718E-04
     22     16 3.15678E-01
     22     17 1.15398E+00
     22     18 2.95759E-01
     22     19 2.20574E-02
     22     20 1.56965E-03
     22     21 1.44307E+00
     22     22 1.02825E+01
     22     23 1.39287E+00
     22     24 5.60841E-02
     22     25 3.16300E-03
     23      1 3.45174E-05
     23      2 7.64013E-05
     23      3 1.07066E-04
     23      4 7.65166E-05
     23      5 3.41496E-05
     23      6 3.96851E-04
     23      7 1.22558E-03
     23      8 1.93966E-03
     23      9 1.22894E-03
     23     10 3.88034E-04
     23     11 3.90466E-03
     23     12 2.00076E-02
     23     13 3.90330E-02
     23     14 2.00165E-02
     23     15 3.85256E-03
     23     16 2.34934E-02
     23     17 2.96771E-01
     23     18 1.15008E+00
     23     19 2.95718E-01
     23     20 2.34097E-02
     23     21 5.86708E-02
     23     22 1.39287E+00
     23     23 1.02780E+01
     23     24 1.38901E+00
     23     25 5.87387E-02
     24      1 7.19687E-06
     24      2 2.80024E-05
     24      3 7.64851E-05
     24      4 1.13959E-04
     24      5 1.02780E-04
     24      6 5.99252E-05
     24      7 3.37613E-04
     24      8 1.22603E-03
     24      9 2.00540E-03
     24     10 1.53642E-03
     24     11 3.97618E-04
     24     12 3.50346E-03
     24     13 1.99195E-02
     24     14 3.96789E-02
     24     15 2.33177E-02
     24     16 1.57419E-03
     24     17 2.20714E-02
     24     18 2.95515E-01
     24     19 1.15646E+00
     24     20 3.16452E-01
     24     21 3.15155E-03
     24     22 5.60841E-02
     24     23 1.38901E+00
     24     24 1.02795E+01
     24     25 1.44699E+00
     25      1 1.19744E-06
     25      2 7.09667E-06
     25      3 3.38858E-05
     25      4 1.02657E-04
     25      5 1.77778E-04
     25      6 7.19085E-06
     25      7 5.89512E-05
     25      8 3.90068E-04
     25      9 1.54720E-03
     25     10 3.07605E-03
     25     11 3.46565E-05
     25     12 3.91541E-04
     25     13 3.84711E-03
     25     14 2.34267E-02
     25     15 5.84065E-02
     25     16 1.04978E-04
     25     17 1.56801E-03
     25     18 2.33563E-02
     25     19 3.18086E-01
     25     20 1.44688E+00
     25     21 1.82705E-04
     25     22 3.16300E-03
     25     23 5.87387E-02
     25     24 1.44699E+00
     25     25 1.16685E+01
