      1      1 7.86750E+00
      1      2 2.28335E+00
      1      3 5.83906E-01
      1      4 2.33696E-01
      1      5 2.28287E+00
      1      6 1.06519E+00
      1      7 3.87543E-01
      1      8 1.78698E-01
      1      9 5.84180E-01
      1     10 3.87486E-01
      1     11 2.01458E-01
      1     12 1.14292E-01
      1     13 2.33774E-01
      1     14 1.78654E-01
      1     15 1.14278E-01
      1     16 7.68826E-02
      2      1 2.28335E+00
      2      2 6.16521E+00
      2      3 1.93415E+00
      2      4 5.83748E-01
      2      5 1.06539E+00
      2      6 1.60682E+00
      2      7 8.56675E-01
      2      8 3.87532E-01
      2      9 3.87620E-01
      2     10 3.97935E-01
      2     11 3.00338E-01
      2     12 2.01435E-01
      2     13 1.78671E-01
      2     14 1.69346E-01
      2     15 1.41247E-01
      2     16 1.14278E-01
      3      1 5.83906E-01
      3      2 1.93415E+00
      3      3 6.16443E+00
      3      4 2.28306E+00
      3      5 3.87421E-01
      3      6 8.56972E-01
      3      7 1.60761E+00
      3      8 1.06525E+00
      3      9 2.01429E-01
      3     10 3.00376E-01
      3     11 3.98066E-01
      3     12 3.87537E-01
      3     13 1.14261E-01
      3     14 1.41230E-01
      3     15 1.69376E-01
      3     16 1.78685E-01
      4      1 2.33696E-01
      4      2 5.83748E-01
      4      3 2.28306E+00
      4      4 7.86770E+00
      4      5 1.78580E-01
      4      6 3.87390E-01
      4      7 1.06550E+00
      4      8 2.28383E+00
      4      9 1.14242E-01
      4     10 2.01427E-01
      4     11 3.87447E-01
      4     12 5.83755E-01
      4     13 7.68437E-02
      4     14 1.14223E-01
      4     15 1.78626E-01
      4     16 2.33693E-01
      5      1 2.28287E+00
      5      2 1.06539E+00
      5      3 3.87421E-01
      5      4 1.78580E-01
      5      5 6.16810E+00
      5      6 1.60636E+00
      5      7 3.97824E-01
      5      8 1.69339E-01
      5      9 1.93348E+00
      5     10 8.56055E-01
      5     11 3.00285E-01
      5     12 1.41231E-01
      5     13 5.83856E-01
      5     14 3.87346E-01
      5     15 2.01371E-01
      5     16 1.14257E-01
      6      1 1.06519E+00
      6      2 1.60682E+00
      6      3 8.56972E-01
      6      4 3.87390E-01
      6      5 1.60636E+00
      6      6 4.95299E+00
      6      7 1.37829E+00
      6      8 3.97910E-01
      6      9 8.57100E-01
      6     10 1.37978E+00
      6     11 6.97496E-01
      6     12 3.00321E-01
      6     13 3.87514E-01
      6     14 3.97890E-01
      6     15 3.00303E-01
      6     16 2.01438E-01
      7      1 3.87543E-01
      7      2 8.56675E-01
      7      3 1.60761E+00
      7      4 1.06550E+00
      7      5 3.97824E-01
      7      6 1.37829E+00
      7      7 4.95374E+00
      7      8 1.60608E+00
      7      9 3.00289E-01
      7     10 6.97962E-01
      7     11 1.37920E+00
      7     12 8.55973E-01
      7     13 2.01387E-01
      7     14 3.00239E-01
      7     15 3.97958E-01
      7     16 3.87487E-01
      8      1 1.78698E-01
      8      2 3.87532E-01
      8      3 1.06525E+00
      8      4 2.28383E+00
      8      5 1.69339E-01
      8      6 3.97910E-01
      8      7 1.60608E+00
      8      8 6.16533E+00
      8      9 1.41239E-01
      8     10 3.00403E-01
      8     11 8.56925E-01
      8     12 1.93446E+00
      8     13 1.14243E-01
      8     14 2.01343E-01
      8     15 3.87448E-01
      8     16 5.83737E-01
      9      1 5.84180E-01
      9      2 3.87620E-01
      9      3 2.01429E-01
      9      4 1.14242E-01
      9      5 1.93348E+00
      9      6 8.57100E-01
      9      7 3.00289E-01
      9      8 1.41239E-01
      9      9 6.16491E+00
      9     10 1.60770E+00
      9     11 3.98051E-01
      9     12 1.69368E-01
      9     13 2.28312E+00
      9     14 1.06490E+00
      9     15 3.87455E-01
      9     16 1.78674E-01
     10      1 3.87486E-01
     10      2 3.97935E-01
     10      3 3.00376E-01
     10      4 2.01427E-01
     10      5 8.56055E-01
     10      6 1.37978E+00
     10      7 6.97962E-01
     10      8 3.00403E-01
     10      9 1.60770E+00
     10     10 4.95176E+00
     10     11 1.37994E+00
     10     12 3.98117E-01
     10     13 1.06566E+00
     10     14 1.60583E+00
     10     15 8.55826E-01
     10     16 3.87500E-01
     11      1 2.01458E-01
     11      2 3.00338E-01
     11      3 3.98066E-01
     11      4 3.87447E-01
     11      5 3.00285E-01
     11      6 6.97496E-01
     11      7 1.37920E+00
     11      8 8.56925E-01
     11      9 3.98051E-01
     11     10 1.37994E+00
     11     11 4.95198E+00
     11     12 1.60740E+00
     11     13 3.87398E-01
     11     14 8.56046E-01
     11     15 1.60639E+00
     11     16 1.06533E+00
     12      1 1.14292E-01
     12      2 2.01435E-01
     12      3 3.87537E-01
     12      4 5.83755E-01
     12      5 1.41231E-01
     12      6 3.00321E-01
     12      7 8.55973E-01
     12      8 1.93446E+00
     12      9 1.69368E-01
     12     10 3.98117E-01
     12     11 1.60740E+00
     12     12 6.16456E+00
     12     13 1.78628E-01
     12     14 3.87320E-01
     12     15 1.06481E+00
     12     16 2.28456E+00
     13      1 2.33774E-01
     13      2 1.78671E-01
     13      3 1.14261E-01
     13      4 7.68437E-02
     13      5 5.83856E-01
     13      6 3.87514E-01
     13      7 2.01387E-01
     13      8 1.14243E-01
     13      9 2.28312E+00
     13     10 1.06566E+00
     13     11 3.87398E-01
     13     12 1.78628E-01
     13     13 7.86706E+00
     13     14 2.28395E+00
     13     15 5.83682E-01
     13     16 2.33711E-01
     14      1 1.78654E-01
     14      2 1.69346E-01
     14      3 1.41230E-01
     14      4 1.14223E-01
     14      5 3.87346E-01
     14      6 3.97890E-01
     14      7 3.00239E-01
     14      8 2.01343E-01
     14      9 1.06490E+00
     14     10 1.60583E+00
     14     11 8.56046E-01
     14     12 3.87320E-01
     14     13 2.28395E+00
     14     14 6.16708E+00
     14     15 1.93470E+00
     14     16 5.83656E-01
     15      1 1.14278E-01
     15      2 1.41247E-01
     15      3 1.69376E-01
     15      4 1.78626E-01
     15      5 2.01371E-01
     15      6 3.00303E-01
     15      7 3.97958E-01
     15      8 3.87448E-01
     15      9 3.87455E-01
     15     10 8.55826E-01
     15     11 1.60639E+00
     15     12 1.06481E+00
     15     13 5.83682E-01
     15     14 1.93470E+00
     15     15 6.16599E+00
     15     16 2.28431E+00
     16      1 7.68826E-02
     16      2 1.14278E-01
     16      3 1.78685E-01
     16      4 2.33693E-01
     16      5 1.14257E-01
     16      6 2.01438E-01
     16      7 3.87487E-01
     16      8 5.83737E-01
     16      9 1.78674E-01
     16     10 3.87500E-01
     16     11 1.06533E+00
     16     12 2.28456E+00
     16     13 2.33711E-01
     16     14 5.83656E-01
     16     15 2.28431E+00
     16     16 7.86556E+00
