      1      1 7.45885E+00
      1      2 1.98064E+00
      1      3 4.59876E-01
      1      4 1.44721E-01
      1      5 4.90324E-02
      1      6 1.73464E-02
      1      7 6.50856E-03
      1      8 3.08886E-03
      1      9 1.97793E+00
      1     10 8.75391E-01
      1     11 3.00799E-01
      1     12 1.08317E-01
      1     13 3.94194E-02
      1     14 1.46029E-02
      1     15 5.66183E-03
      1     16 2.74000E-03
      1     17 4.56543E-01
      1     18 2.99002E-01
      1     19 1.47039E-01
      1     20 6.33884E-02
      1     21 2.58627E-02
      1     22 1.03274E-02
      1     23 4.22859E-03
      1     24 2.14471E-03
      1     25 1.43493E-01
      1     26 1.07535E-01
      1     27 6.33539E-02
      1     28 3.18086E-02
      1     29 1.46064E-02
      1     30 6.38216E-03
      1     31 2.80675E-03
      1     32 1.50111E-03
      1     33 4.94042E-02
      1     34 3.96627E-02
      1     35 2.60094E-02
      1     36 1.46001E-02
      1     37 7.43561E-03
      1     38 3.55553E-03
      1     39 1.69320E-03
      1     40 9.62728E-04
      1     41 1.76295E-02
      1     42 1.47862E-02
      1     43 1.04260E-02
      1     44 6.39182E-03
      1     45 3.54082E-03
      1     46 1.83843E-03
      1     47 9.49385E-04
      1     48 5.77143E-04
      1     49 6.62218E-03
      1     50 5.73958E-03
      1     51 4.28099E-03
      1     52 2.81652E-03
      1     53 1.68588E-03
      1     54 9.46540E-04
      1     55 5.28799E-04
      1     56 3.44308E-04
      1     57 3.14581E-03
      1     58 2.79464E-03
      1     59 2.17507E-03
      1     60 1.51029E-03
      1     61 9.60385E-04
      1     62 5.74065E-04
      1     63 3.43622E-04
      1     64 2.36877E-04
      2      1 1.98064E+00
      2      2 5.94302E+00
      2      3 1.66602E+00
      2      4 3.62878E-01
      2      5 1.11154E-01
      2      6 3.76808E-02
      2      7 1.38089E-02
      2      8 6.45435E-03
      2      9 8.73761E-01
      2     10 1.40547E+00
      2     11 6.84817E-01
      2     12 2.31511E-01
      2     13 8.22911E-02
      2     14 3.01495E-02
      2     15 1.16108E-02
      2     16 5.59117E-03
      2     17 2.97379E-01
      2     18 3.05237E-01
      2     19 2.16048E-01
      2     20 1.08757E-01
      2     21 4.74395E-02
      2     22 1.95648E-02
      2     23 8.16464E-03
      2     24 4.18982E-03
      2     25 1.06802E-01
      2     26 1.00279E-01
      2     27 7.63045E-02
      2     28 4.57716E-02
      2     29 2.34510E-02
      2     30 1.09672E-02
      2     31 5.03933E-03
      2     32 2.77284E-03
      2     33 3.93799E-02
      2     34 3.60739E-02
      2     35 2.83531E-02
      2     36 1.86357E-02
      2     37 1.06954E-02
      2     38 5.56995E-03
      2     39 2.82053E-03
      2     40 1.67180E-03
      2     41 1.46921E-02
      2     42 1.34126E-02
      2     43 1.07749E-02
      2     44 7.53003E-03
      2     45 4.67156E-03
      2     46 2.65357E-03
      2     47 1.47049E-03
      2     48 9.39519E-04
      2     49 5.69801E-03
      2     50 5.23040E-03
      2     51 4.29047E-03
      2     52 3.13567E-03
      2     53 2.07420E-03
      2     54 1.27054E-03
      2     55 7.64379E-04
      2     56 5.24917E-04
      2     57 2.77246E-03
      2     58 2.56427E-03
      2     59 2.14028E-03
      2     60 1.61714E-03
      2     61 1.12166E-03
      2     62 7.28563E-04
      2     63 4.70374E-04
      2     64 3.42569E-04
      3      1 4.59876E-01
      3      2 1.66602E+00
      3      3 5.84650E+00
      3      4 1.63398E+00
      3      5 3.49697E-01
      3      6 1.07517E-01
      3      7 3.77297E-02
      3      8 1.72209E-02
      3      9 3.01207E-01
      3     10 6.86453E-01
      3     11 1.33304E+00
      3     12 6.58810E-01
      3     13 2.21509E-01
      3     14 7.92954E-02
      3     15 3.01981E-02
      3     16 1.44481E-02
      3     17 1.46543E-01
      3     18 2.16565E-01
      3     19 2.68519E-01
      3     20 1.99776E-01
      3     21 1.02674E-01
      3     22 4.52109E-02
      3     23 1.95231E-02
      3     24 1.02215E-02
      3     25 6.31152E-02
      3     26 7.65903E-02
      3     27 8.31630E-02
      3     28 6.76004E-02
      3     29 4.22233E-02
      3     30 2.21901E-02
      3     31 1.09479E-02
      3     32 6.29667E-03
      3     33 2.58970E-02
      3     34 2.83802E-02
      3     35 2.88749E-02
      3     36 2.42252E-02
      3     37 1.68376E-02
      3     38 1.00303E-02
      3     39 5.57836E-03
      3     40 3.51537E-03
      3     41 1.04103E-02
      3     42 1.07996E-02
      3     43 1.05545E-02
      3     44 9.01102E-03
      3     45 6.65501E-03
      3     46 4.33107E-03
      3     47 2.66381E-03
      3     48 1.82681E-03
      3     49 4.27118E-03
      3     50 4.30280E-03
      3     51 4.10281E-03
      3     52 3.53372E-03
      3     53 2.72644E-03
      3     54 1.90323E-03
      3     55 1.27549E-03
      3     56 9.43147E-04
      3     57 2.16990E-03
      3     58 2.15006E-03
      3     59 2.01545E-03
      3     60 1.74487E-03
      3     61 1.38591E-03
      3     62 1.02012E-03
      3     63 7.34408E-04
      3     64 5.76394E-04
      4      1 1.44721E-01
      4      2 3.62878E-01
      4      3 1.63398E+00
      4      4 5.83845E+00
      4      5 1.63404E+00
      4      6 3.49996E-01
      4      7 1.11104E-01
      4      8 4.85514E-02
      4      9 1.08443E-01
      4     10 2.32112E-01
      4     11 6.57056E-01
      4     12 1.32263E+00
      4     13 6.57042E-01
      4     14 2.21575E-01
      4     15 8.23648E-02
      4     16 3.89810E-02
      4     17 6.33598E-02
      4     18 1.09515E-01
      4     19 1.99817E-01
      4     20 2.61563E-01
      4     21 1.99012E-01
      4     22 1.02405E-01
      4     23 4.72246E-02
      4     24 2.55765E-02
      4     25 3.17608E-02
      4     26 4.60815E-02
      4     27 6.77966E-02
      4     28 7.91909E-02
      4     29 6.68312E-02
      4     30 4.25012E-02
      4     31 2.34750E-02
      4     32 1.44366E-02
      4     33 1.45803E-02
      4     34 1.87040E-02
      4     35 2.43144E-02
      4     36 2.68157E-02
      4     37 2.38039E-02
      4     38 1.70317E-02
      4     39 1.07857E-02
      4     40 7.38711E-03
      4     41 6.39563E-03
      4     42 7.55271E-03
      4     43 9.02849E-03
      4     44 9.61616E-03
      4     45 8.73138E-03
      4     46 6.72584E-03
      4     47 4.72133E-03
      4     48 3.53646E-03
      4     49 2.81737E-03
      4     50 3.14963E-03
      4     51 3.54305E-03
      4     52 3.66830E-03
      4     53 3.37906E-03
      4     54 2.75109E-03
      4     55 2.09632E-03
      4     56 1.68846E-03
      4     57 1.51403E-03
      4     58 1.63048E-03
      4     59 1.75111E-03
      4     60 1.77322E-03
      4     61 1.64460E-03
      4     62 1.39631E-03
      4     63 1.13639E-03
      4     64 9.67068E-04
      5      1 4.90324E-02
      5      2 1.11154E-01
      5      3 3.49697E-01
      5      4 1.63404E+00
      5      5 5.84253E+00
      5      6 1.63324E+00
      5      7 3.60824E-01
      5      8 1.42437E-01
      5      9 3.94920E-02
      5     10 8.27852E-02
      5     11 2.21227E-01
      5     12 6.55234E-01
      5     13 1.32750E+00
      5     14 6.58658E-01
      5     15 2.30556E-01
      5     16 1.06565E-01
      5     17 2.58117E-02
      5     18 4.77480E-02
      5     19 1.02449E-01
      5     20 1.97928E-01
      5     21 2.62236E-01
      5     22 1.99571E-01
      5     23 1.08189E-01
      5     24 6.25984E-02
      5     25 1.45143E-02
      5     26 2.34846E-02
      5     27 4.21744E-02
      5     28 6.66766E-02
      5     29 7.98349E-02
      5     30 6.83296E-02
      5     31 4.58282E-02
      5     32 3.14861E-02
      5     33 7.37989E-03
      5     34 1.06619E-02
      5     35 1.67928E-02
      5     36 2.36622E-02
      5     37 2.73051E-02
      5     38 2.47225E-02
      5     39 1.88250E-02
      5     40 1.45216E-02
      5     41 3.53641E-03
      5     42 4.67172E-03
      5     43 6.64839E-03
      5     44 8.69512E-03
      5     45 9.77142E-03
      5     46 9.15952E-03
      5     47 7.59821E-03
      5     48 6.36514E-03
      5     49 1.68418E-03
      5     50 2.07937E-03
      5     51 2.72784E-03
      5     52 3.36916E-03
      5     53 3.71539E-03
      5     54 3.58132E-03
      5     55 3.16621E-03
      5     56 2.81279E-03
      5     57 9.64104E-04
      5     58 1.13165E-03
      5     59 1.39193E-03
      5     60 1.64572E-03
      5     61 1.78518E-03
      5     62 1.76097E-03
      5     63 1.63408E-03
      5     64 1.51360E-03
      6      1 1.73464E-02
      6      2 3.76808E-02
      6      3 1.07517E-01
      6      4 3.49996E-01
      6      5 1.63324E+00
      6      6 5.85266E+00
      6      7 1.66784E+00
      6      8 4.54977E-01
      6      9 1.46089E-02
      6     10 3.03435E-02
      6     11 7.94616E-02
      6     12 2.21533E-01
      6     13 6.58605E-01
      6     14 1.33772E+00
      6     15 6.84373E-01
      6     16 2.96713E-01
      6     17 1.03001E-02
      6     18 1.97320E-02
      6     19 4.54126E-02
      6     20 1.02507E-01
      6     21 1.99401E-01
      6     22 2.68858E-01
      6     23 2.15242E-01
      6     24 1.45167E-01
      6     25 6.32592E-03
      6     26 1.09517E-02
      6     27 2.21449E-02
      6     28 4.24015E-02
      6     29 6.82622E-02
      6     30 8.37847E-02
      6     31 7.61774E-02
      6     32 6.27406E-02
      6     33 3.51358E-03
      6     34 5.52727E-03
      6     35 9.96730E-03
      6     36 1.69006E-02
      6     37 2.47252E-02
      6     38 2.92292E-02
      6     39 2.83689E-02
      6     40 2.57123E-02
      6     41 1.82993E-03
      6     42 2.64393E-03
      6     43 4.31448E-03
      6     44 6.68707E-03
      6     45 9.16355E-03
      6     46 1.06267E-02
      6     47 1.07557E-02
      6     48 1.02989E-02
      6     49 9.43030E-04
      6     50 1.26967E-03
      6     51 1.89782E-03
      6     52 2.73628E-03
      6     53 3.57724E-03
      6     54 4.11259E-03
      6     55 4.28196E-03
      6     56 4.23042E-03
      6     57 5.76164E-04
      6     58 7.33687E-04
      6     59 1.02147E-03
      6     60 1.39178E-03
      6     61 1.75317E-03
      6     62 2.01078E-03
      6     63 2.13322E-03
      6     64 2.15000E-03
      7      1 6.50856E-03
      7      2 1.38089E-02
      7      3 3.77297E-02
      7      4 1.11104E-01
      7      5 3.60824E-01
      7      6 1.66784E+00
      7      7 5.93899E+00
      7      8 1.97792E+00
      7      9 5.65888E-03
      7     10 1.16829E-02
      7     11 3.02945E-02
      7     12 8.24511E-02
      7     13 2.30365E-01
      7     14 6.86005E-01
      7     15 1.40628E+00
      7     16 8.72522E-01
      7     17 4.22506E-03
      7     18 8.25808E-03
      7     19 1.97097E-02
      7     20 4.75600E-02
      7     21 1.08763E-01
      7     22 2.17083E-01
      7     23 3.06615E-01
      7     24 2.97801E-01
      7     25 2.78954E-03
      7     26 5.04977E-03
      7     27 1.09928E-02
      7     28 2.36420E-02
      7     29 4.63891E-02
      7     30 7.72120E-02
      7     31 1.00804E-01
      7     32 1.07446E-01
      7     33 1.67588E-03
      7     34 2.80610E-03
      7     35 5.57000E-03
      7     36 1.07912E-02
      7     37 1.90417E-02
      7     38 2.87192E-02
      7     39 3.61245E-02
      7     40 3.92977E-02
      7     41 9.44701E-04
      7     42 1.46627E-03
      7     43 2.66114E-03
      7     44 4.71809E-03
      7     45 7.64709E-03
      7     46 1.08074E-02
      7     47 1.33258E-02
      7     48 1.45651E-02
      7     49 5.26887E-04
      7     50 7.64215E-04
      7     51 1.27302E-03
      7     52 2.08928E-03
      7     53 3.16763E-03
      7     54 4.27886E-03
      7     55 5.18649E-03
      7     56 5.64166E-03
      7     57 3.43641E-04
      7     58 4.71552E-04
      7     59 7.32041E-04
      7     60 1.12787E-03
      7     61 1.62003E-03
      7     62 2.12419E-03
      7     63 2.53319E-03
      7     64 2.74179E-03
      8      1 3.08886E-03
      8      2 6.45435E-03
      8      3 1.72209E-02
      8      4 4.85514E-02
      8      5 1.42437E-01
      8      6 4.54977E-01
      8      7 1.97792E+00
      8      8 7.47632E+00
      8      9 2.74988E-03
      8     10 5.64966E-03
      8     11 1.45583E-02
      8     12 3.91856E-02
      8     13 1.06905E-01
      8     14 2.98160E-01
      8     15 8.73916E-01
      8     16 1.97713E+00
      8     17 2.14450E-03
      8     18 4.24037E-03
      8     19 1.03257E-02
      8     20 2.57601E-02
      8     21 6.29077E-02
      8     22 1.46494E-01
      8     23 2.99271E-01
      8     24 4.56328E-01
      8     25 1.49865E-03
      8     26 2.79182E-03
      8     27 6.35674E-03
      8     28 1.46183E-02
      8     29 3.20107E-02
      8     30 6.37569E-02
      8     31 1.08100E-01
      8     32 1.44271E-01
      8     33 9.59225E-04
      8     34 1.67535E-03
      8     35 3.53841E-03
      8     36 7.45343E-03
      8     37 1.47953E-02
      8     38 2.61614E-02
      8     39 3.94743E-02
      8     40 4.90594E-02
      8     41 5.77103E-04
      8     42 9.41847E-04
      8     43 1.83552E-03
      8     44 3.55363E-03
      8     45 6.42767E-03
      8     46 1.03561E-02
      8     47 1.45711E-02
      8     48 1.73726E-02
      8     49 3.43598E-04
      8     50 5.25745E-04
      8     51 9.43025E-04
      8     52 1.68643E-03
      8     53 2.81714E-03
      8     54 4.22502E-03
      8     55 5.64059E-03
      8     56 6.51021E-03
      8     57 2.36128E-04
      8     58 3.42286E-04
      8     59 5.72978E-04
      8     60 9.57799E-04
      8     61 1.49757E-03
      8     62 2.13592E-03
      8     63 2.73457E-03
      8     64 3.08633E-03
      9      1 1.97793E+00
      9      2 8.73761E-01
      9      3 3.01207E-01
      9      4 1.08443E-01
      9      5 3.94920E-02
      9      6 1.46089E-02
      9      7 5.65888E-03
      9      8 2.74988E-03
      9      9 5.93217E+00
      9     10 1.40325E+00
      9     11 3.08314E-01
      9     12 1.01552E-01
      9     13 3.61727E-02
      9     14 1.33817E-02
      9     15 5.21438E-03
      9     16 2.54025E-03
      9     17 1.66590E+00
      9     18 6.84065E-01
      9     19 2.16925E-01
      9     20 7.67483E-02
      9     21 2.83752E-02
      9     22 1.07708E-02
      9     23 4.28155E-03
      9     24 2.13355E-03
      9     25 3.62045E-01
      9     26 2.31164E-01
      9     27 1.09082E-01
      9     28 4.60940E-02
      9     29 1.88091E-02
      9     30 7.58135E-03
      9     31 3.15331E-03
      9     32 1.62379E-03
      9     33 1.12585E-01
      9     34 8.32170E-02
      9     35 4.78551E-02
      9     36 2.35855E-02
      9     37 1.07597E-02
      9     38 4.71441E-03
      9     39 2.09572E-03
      9     40 1.13331E-03
      9     41 3.84585E-02
      9     42 3.06726E-02
      9     43 1.98381E-02
      9     44 1.10344E-02
      9     45 5.56576E-03
      9     46 2.66092E-03
      9     47 1.27971E-03
      9     48 7.36618E-04
      9     49 1.41022E-02
      9     50 1.18214E-02
      9     51 8.30516E-03
      9     52 5.08087E-03
      9     53 2.81816E-03
      9     54 1.47065E-03
      9     55 7.67376E-04
      9     56 4.73556E-04
      9     57 6.59603E-03
      9     58 5.72508E-03
      9     59 4.26979E-03
      9     60 2.80429E-03
      9     61 1.67537E-03
      9     62 9.38055E-04
      9     63 5.25940E-04
      9     64 3.44180E-04
     10      1 8.75391E-01
     10      2 1.40547E+00
     10      3 6.86453E-01
     10      4 2.32112E-01
     10      5 8.27852E-02
     10      6 3.03435E-02
     10      7 1.16829E-02
     10      8 5.64966E-03
     10      9 1.40325E+00
     10     10 4.82526E+00
     10     11 1.19923E+00
     10     12 2.43936E-01
     10     13 7.81812E-02
     10     14 2.79313E-02
     10     15 1.07233E-02
     10     16 5.18431E-03
     10     17 6.84358E-01
     10     18 1.19661E+00
     10     19 5.44847E-01
     10     20 1.68700E-01
     10     21 5.90228E-02
     10     22 2.18840E-02
     10     23 8.61082E-03
     10     24 4.27178E-03
     10     25 2.30905E-01
     10     26 2.42321E-01
     10     27 1.68279E-01
     10     28 8.17382E-02
     10     29 3.49195E-02
     10     30 1.43759E-02
     10     31 6.05109E-03
     10     32 3.13908E-03
     10     33 8.29754E-02
     10     34 7.81742E-02
     10     35 5.90924E-02
     10     36 3.48218E-02
     10     37 1.75858E-02
     10     38 8.17389E-03
     10     39 3.77016E-03
     10     40 2.08614E-03
     10     41 3.06187E-02
     10     42 2.80630E-02
     10     43 2.19435E-02
     10     44 1.43362E-02
     10     45 8.12359E-03
     10     46 4.20586E-03
     10     47 2.13812E-03
     10     48 1.27665E-03
     10     49 1.17921E-02
     10     50 1.07810E-02
     10     51 8.65255E-03
     10     52 6.03694E-03
     10     53 3.73942E-03
     10     54 2.12781E-03
     10     55 1.18744E-03
     10     56 7.67684E-04
     10     57 5.70813E-03
     10     58 5.24554E-03
     10     59 4.29817E-03
     10     60 3.13670E-03
     10     61 2.07011E-03
     10     62 1.26563E-03
     10     63 7.65096E-04
     10     64 5.28268E-04
     11      1 3.00799E-01
     11      2 6.84817E-01
     11      3 1.33304E+00
     11      4 6.57056E-01
     11      5 2.21227E-01
     11      6 7.94616E-02
     11      7 3.02945E-02
     11      8 1.45583E-02
     11      9 3.08314E-01
     11     10 1.19923E+00
     11     11 4.76526E+00
     11     12 1.17788E+00
     11     13 2.34587E-01
     11     14 7.53825E-02
     11     15 2.79135E-02
     11     16 1.32964E-02
     11     17 2.16770E-01
     11     18 5.46269E-01
     11     19 1.14742E+00
     11     20 5.26887E-01
     11     21 1.62493E-01
     11     22 5.68561E-02
     11     23 2.18237E-02
     11     24 1.07187E-02
     11     25 1.09121E-01
     11     26 1.68701E-01
     11     27 2.14861E-01
     11     28 1.56569E-01
     11     29 7.73043E-02
     11     30 3.33942E-02
     11     31 1.43517E-02
     11     32 7.52895E-03
     11     33 4.77534E-02
     11     34 5.89927E-02
     11     35 6.51295E-02
     11     36 5.25079E-02
     11     37 3.22192E-02
     11     38 1.66831E-02
     11     39 8.18827E-03
     11     40 4.69713E-03
     11     41 1.98654E-02
     11     42 2.19446E-02
     11     43 2.24854E-02
     11     44 1.88624E-02
     11     45 1.29308E-02
     11     46 7.61935E-03
     11     47 4.22610E-03
     11     48 2.66623E-03
     11     49 8.31202E-03
     11     50 8.65967E-03
     11     51 8.48890E-03
     11     52 7.24307E-03
     11     53 5.32834E-03
     11     54 3.46304E-03
     11     55 2.13726E-03
     11     56 1.47699E-03
     11     57 4.27293E-03
     11     58 4.30960E-03
     11     59 4.10125E-03
     11     60 3.52827E-03
     11     61 2.71315E-03
     11     62 1.89258E-03
     11     63 1.27589E-03
     11     64 9.48547E-04
     12      1 1.08317E-01
     12      2 2.31511E-01
     12      3 6.58810E-01
     12      4 1.32263E+00
     12      5 6.55234E-01
     12      6 2.21533E-01
     12      7 8.24511E-02
     12      8 3.91856E-02
     12      9 1.01552E-01
     12     10 2.43936E-01
     12     11 1.17788E+00
     12     12 4.75539E+00
     12     13 1.17320E+00
     12     14 2.34308E-01
     12     15 7.79018E-02
     12     16 3.58301E-02
     12     17 7.67393E-02
     12     18 1.69163E-01
     12     19 5.26142E-01
     12     20 1.14501E+00
     12     21 5.26897E-01
     12     22 1.62065E-01
     12     23 5.86566E-02
     12     24 2.81619E-02
     12     25 4.60308E-02
     12     26 8.17577E-02
     12     27 1.56733E-01
     12     28 2.10154E-01
     12     29 1.55944E-01
     12     30 7.76334E-02
     12     31 3.48872E-02
     12     32 1.86477E-02
     12     33 2.35502E-02
     12     34 3.47363E-02
     12     35 5.26044E-02
     12     36 6.20402E-02
     12     37 5.20937E-02
     12     38 3.25655E-02
     12     39 1.77270E-02
     12     40 1.07532E-02
     12     41 1.10551E-02
     12     42 1.43110E-02
     12     43 1.88601E-02
     12     44 2.09594E-02
     12     45 1.84783E-02
     12     46 1.30825E-02
     12     47 8.22383E-03
     12     48 5.60259E-03
     12     49 5.09093E-03
     12     50 6.03965E-03
     12     51 7.24943E-03
     12     52 7.72894E-03
     12     53 6.99831E-03
     12     54 5.38432E-03
     12     55 3.78540E-03
     12     56 2.84510E-03
     12     57 2.81628E-03
     12     58 3.15106E-03
     12     59 3.53434E-03
     12     60 3.65541E-03
     12     61 3.35422E-03
     12     62 2.73529E-03
     12     63 2.09900E-03
     12     64 1.69921E-03
     13      1 3.94194E-02
     13      2 8.22911E-02
     13      3 2.21509E-01
     13      4 6.57042E-01
     13      5 1.32750E+00
     13      6 6.58605E-01
     13      7 2.30365E-01
     13      8 1.06905E-01
     13      9 3.61727E-02
     13     10 7.81812E-02
     13     11 2.34587E-01
     13     12 1.17320E+00
     13     13 4.75493E+00
     13     14 1.17622E+00
     13     15 2.41578E-01
     13     16 9.98054E-02
     13     17 2.82792E-02
     13     18 5.89812E-02
     13     19 1.61791E-01
     13     20 5.26276E-01
     13     21 1.14683E+00
     13     22 5.26084E-01
     13     23 1.67005E-01
     13     24 7.57099E-02
     13     25 1.86329E-02
     13     26 3.46369E-02
     13     27 7.70993E-02
     13     28 1.56236E-01
     13     29 2.11358E-01
     13     30 1.57551E-01
     13     31 8.15106E-02
     13     32 4.56072E-02
     13     33 1.06745E-02
     13     34 1.74297E-02
     13     35 3.21622E-02
     13     36 5.20109E-02
     13     37 6.32238E-02
     13     38 5.34490E-02
     13     39 3.51099E-02
     13     40 2.35257E-02
     13     41 5.57328E-03
     13     42 8.10118E-03
     13     43 1.29369E-02
     13     44 1.84650E-02
     13     45 2.13680E-02
     13     46 1.91960E-02
     13     47 1.44759E-02
     13     48 1.10463E-02
     13     49 2.82559E-03
     13     50 3.74290E-03
     13     51 5.33771E-03
     13     52 6.99692E-03
     13     53 7.85689E-03
     13     54 7.36077E-03
     13     55 6.10536E-03
     13     56 5.10798E-03
     13     57 1.68809E-03
     13     58 2.08519E-03
     13     59 2.72683E-03
     13     60 3.36427E-03
     13     61 3.69355E-03
     13     62 3.57104E-03
     13     63 3.17580E-03
     13     64 2.83050E-03
     14      1 1.46029E-02
     14      2 3.01495E-02
     14      3 7.92954E-02
     14      4 2.21575E-01
     14      5 6.58658E-01
     14      6 1.33772E+00
     14      7 6.86005E-01
     14      8 2.98160E-01
     14      9 1.33817E-02
     14     10 2.79313E-02
     14     11 7.53825E-02
     14     12 2.34308E-01
     14     13 1.17622E+00
     14     14 4.76507E+00
     14     15 1.19711E+00
     14     16 3.05007E-01
     14     17 1.07397E-02
     14     18 2.19135E-02
     14     19 5.68785E-02
     14     20 1.62048E-01
     14     21 5.27208E-01
     14     22 1.15313E+00
     14     23 5.42250E-01
     14     24 2.14706E-01
     14     25 7.52804E-03
     14     26 1.42901E-02
     14     27 3.33673E-02
     14     28 7.78195E-02
     14     29 1.57843E-01
     14     30 2.16501E-01
     14     31 1.67672E-01
     14     32 1.08201E-01
     14     33 4.68319E-03
     14     34 8.10795E-03
     14     35 1.66467E-02
     14     36 3.24858E-02
     14     37 5.35233E-02
     14     38 6.57352E-02
     14     39 5.89432E-02
     14     40 4.73891E-02
     14     41 2.66873E-03
     14     42 4.19633E-03
     14     43 7.61930E-03
     14     44 1.30462E-02
     14     45 1.91850E-02
     14     46 2.26036E-02
     14     47 2.18474E-02
     14     48 1.96398E-02
     14     49 1.47687E-03
     14     50 2.12948E-03
     14     51 3.46118E-03
     14     52 5.36249E-03
     14     53 7.33486E-03
     14     54 8.50321E-03
     14     55 8.61772E-03
     14     56 8.23179E-03
     14     57 9.48541E-04
     14     58 1.27572E-03
     14     59 1.89837E-03
     14     60 2.72918E-03
     14     61 3.54662E-03
     14     62 4.09142E-03
     14     63 4.27714E-03
     14     64 4.23432E-03
     15      1 5.66183E-03
     15      2 1.16108E-02
     15      3 3.01981E-02
     15      4 8.23648E-02
     15      5 2.30556E-01
     15      6 6.84373E-01
     15      7 1.40628E+00
     15      8 8.73916E-01
     15      9 5.21438E-03
     15     10 1.07233E-02
     15     11 2.79135E-02
     15     12 7.79018E-02
     15     13 2.41578E-01
     15     14 1.19711E+00
     15     15 4.83255E+00
     15     16 1.40077E+00
     15     17 4.28109E-03
     15     18 8.65183E-03
     15     19 2.19380E-02
     15     20 5.89638E-02
     15     21 1.67964E-01
     15     22 5.46891E-01
     15     23 1.19755E+00
     15     24 6.81900E-01
     15     25 3.14410E-03
     15     26 6.03977E-03
     15     27 1.43932E-02
     15     28 3.51326E-02
     15     29 8.26313E-02
     15     30 1.70178E-01
     15     31 2.43047E-01
     15     32 2.31596E-01
     15     33 2.08781E-03
     15     34 3.74931E-03
     15     35 8.18645E-03
     15     36 1.77459E-02
     15     37 3.54950E-02
     15     38 5.97213E-02
     15     39 7.81425E-02
     15     40 8.27347E-02
     15     41 1.28323E-03
     15     42 2.13296E-03
     15     43 4.22666E-03
     15     44 8.21230E-03
     15     45 1.45272E-02
     15     46 2.19498E-02
     15     47 2.78171E-02
     15     48 3.03237E-02
     15     49 7.70506E-04
     15     50 1.18768E-03
     15     51 2.13374E-03
     15     52 3.76780E-03
     15     53 6.08554E-03
     15     54 8.60707E-03
     15     55 1.06721E-02
     15     56 1.16655E-02
     15     57 5.29819E-04
     15     58 7.66969E-04
     15     59 1.27185E-03
     15     60 2.08014E-03
     15     61 3.13588E-03
     15     62 4.25653E-03
     15     63 5.17447E-03
     15     64 5.63993E-03
     16      1 2.74000E-03
     16      2 5.59117E-03
     16      3 1.44481E-02
     16      4 3.89810E-02
     16      5 1.06565E-01
     16      6 2.96713E-01
     16      7 8.72522E-01
     16      8 1.97713E+00
     16      9 2.54025E-03
     16     10 5.18431E-03
     16     11 1.32964E-02
     16     12 3.58301E-02
     16     13 9.98054E-02
     16     14 3.05007E-01
     16     15 1.40077E+00
     16     16 5.94477E+00
     16     17 2.12618E-03
     16     18 4.27758E-03
     16     19 1.07399E-02
     16     20 2.82199E-02
     16     21 7.59856E-02
     16     22 2.16398E-01
     16     23 6.86243E-01
     16     24 1.66515E+00
     16     25 1.61844E-03
     16     26 3.13231E-03
     16     27 7.54991E-03
     16     28 1.88007E-02
     16     29 4.63947E-02
     16     30 1.10184E-01
     16     31 2.33200E-01
     16     32 3.65300E-01
     16     33 1.13019E-03
     16     34 2.07688E-03
     16     35 4.70190E-03
     16     36 1.07927E-02
     16     37 2.39036E-02
     16     38 4.82000E-02
     16     39 8.28978E-02
     16     40 1.12082E-01
     16     41 7.37802E-04
     16     42 1.27246E-03
     16     43 2.66460E-03
     16     44 5.59397E-03
     16     45 1.10862E-02
     16     46 1.96940E-02
     16     47 3.02391E-02
     16     48 3.79819E-02
     16     49 4.73302E-04
     16     50 7.64416E-04
     16     51 1.46813E-03
     16     52 2.82213E-03
     16     53 5.07751E-03
     16     54 8.19019E-03
     16     55 1.16237E-02
     16     56 1.38906E-02
     16     57 3.43498E-04
     16     58 5.24568E-04
     16     59 9.37455E-04
     16     60 1.67122E-03
     16     61 2.77829E-03
     16     62 4.19038E-03
     16     63 5.60462E-03
     16     64 6.48144E-03
     17      1 4.56543E-01
     17      2 2.97379E-01
     17      3 1.46543E-01
     17      4 6.33598E-02
     17      5 2.58117E-02
     17      6 1.03001E-02
     17      7 4.22506E-03
     17      8 2.14450E-03
     17      9 1.66590E+00
     17     10 6.84358E-01
     17     11 2.16770E-01
     17     12 7.67393E-02
     17     13 2.82792E-02
     17     14 1.07397E-02
     17     15 4.28109E-03
     17     16 2.12618E-03
     17     17 5.84168E+00
     17     18 1.33677E+00
     17     19 2.69346E-01
     17     20 8.34204E-02
     17     21 2.88116E-02
     17     22 1.05433E-02
     17     23 4.09521E-03
     17     24 2.01099E-03
     17     25 1.63026E+00
     17     26 6.60454E-01
     17     27 2.00135E-01
     17     28 6.81062E-02
     17     29 2.45094E-02
     17     30 9.07410E-03
     17     31 3.55272E-03
     17     32 1.75291E-03
     17     33 3.52514E-01
     17     34 2.23492E-01
     17     35 1.03148E-01
     17     36 4.23774E-02
     17     37 1.68890E-02
     17     38 6.68246E-03
     17     39 2.74134E-03
     17     40 1.39597E-03
     17     41 1.08885E-01
     17     42 8.03154E-02
     17     43 4.56922E-02
     17     44 2.22424E-02
     17     45 9.96463E-03
     17     46 4.31110E-03
     17     47 1.90450E-03
     17     48 1.02570E-03
     17     49 3.82179E-02
     17     50 3.05716E-02
     17     51 1.97855E-02
     17     52 1.10005E-02
     17     53 5.54632E-03
     17     54 2.64807E-03
     17     55 1.27297E-03
     17     56 7.35291E-04
     17     57 1.74572E-02
     17     58 1.46961E-02
     17     59 1.03703E-02
     17     60 6.34699E-03
     17     61 3.51049E-03
     17     62 1.81551E-03
     17     63 9.40054E-04
     17     64 5.76269E-04
     18      1 2.99002E-01
     18      2 3.05237E-01
     18      3 2.16565E-01
     18      4 1.09515E-01
     18      5 4.77480E-02
     18      6 1.97320E-02
     18      7 8.25808E-03
     18      8 4.24037E-03
     18      9 6.84065E-01
     18     10 1.19661E+00
     18     11 5.46269E-01
     18     12 1.69163E-01
     18     13 5.89812E-02
     18     14 2.19135E-02
     18     15 8.65183E-03
     18     16 4.27758E-03
     18     17 1.33677E+00
     18     18 4.76781E+00
     18     19 1.14956E+00
     18     20 2.15381E-01
     18     21 6.50681E-02
     18     22 2.25140E-02
     18     23 8.49542E-03
     18     24 4.10349E-03
     18     25 6.57996E-01
     18     26 1.17460E+00
     18     27 5.25591E-01
     18     28 1.56983E-01
     18     29 5.29882E-02
     18     30 1.89918E-02
     18     31 7.29077E-03
     18     32 3.55075E-03
     18     33 2.22564E-01
     18     34 2.34440E-01
     18     35 1.61859E-01
     18     36 7.71519E-02
     18     37 3.22494E-02
     18     38 1.29864E-02
     18     39 5.36457E-03
     18     40 2.73717E-03
     18     41 8.02410E-02
     18     42 7.56412E-02
     18     43 5.67894E-02
     18     44 3.32306E-02
     18     45 1.65127E-02
     18     46 7.57418E-03
     18     47 3.46393E-03
     18     48 1.90366E-03
     18     49 3.05378E-02
     18     50 2.80151E-02
     18     51 2.18833E-02
     18     52 1.42861E-02
     18     53 8.08406E-03
     18     54 4.18157E-03
     18     55 2.12625E-03
     18     56 1.27465E-03
     18     57 1.46783E-02
     18     58 1.34269E-02
     18     59 1.07690E-02
     18     60 7.51138E-03
     18     61 4.64606E-03
     18     62 2.63035E-03
     18     63 1.46450E-03
     18     64 9.44409E-04
     19      1 1.47039E-01
     19      2 2.16048E-01
     19      3 2.68519E-01
     19      4 1.99817E-01
     19      5 1.02449E-01
     19      6 4.54126E-02
     19      7 1.97097E-02
     19      8 1.03257E-02
     19      9 2.16925E-01
     19     10 5.44847E-01
     19     11 1.14742E+00
     19     12 5.26142E-01
     19     13 1.61791E-01
     19     14 5.68785E-02
     19     15 2.19380E-02
     19     16 1.07399E-02
     19     17 2.69346E-01
     19     18 1.14956E+00
     19     19 4.71566E+00
     19     20 1.12957E+00
     19     21 2.09393E-01
     19     22 6.32449E-02
     19     23 2.25109E-02
     19     24 1.05580E-02
     19     25 2.00166E-01
     19     26 5.26925E-01
     19     27 1.13278E+00
     19     28 5.11704E-01
     19     29 1.51809E-01
     19     30 5.10941E-02
     19     31 1.89672E-02
     19     32 9.05245E-03
     19     33 1.02817E-01
     19     34 1.61712E-01
     19     35 2.09389E-01
     19     36 1.51213E-01
     19     37 7.33585E-02
     19     38 3.09724E-02
     19     39 1.30178E-02
     19     40 6.68193E-03
     19     41 4.57800E-02
     19     42 5.68739E-02
     19     43 6.31013E-02
     19     44 5.08506E-02
     19     45 3.07618E-02
     19     46 1.57102E-02
     19     47 7.62773E-03
     19     48 4.33396E-03
     19     49 1.98302E-02
     19     50 2.19319E-02
     19     51 2.24858E-02
     19     52 1.88444E-02
     19     53 1.28826E-02
     19     54 7.58392E-03
     19     55 4.20855E-03
     19     56 2.66555E-03
     19     57 1.03991E-02
     19     58 1.08135E-02
     19     59 1.05481E-02
     19     60 8.98968E-03
     19     61 6.60288E-03
     19     62 4.28707E-03
     19     63 2.65465E-03
     19     64 1.83754E-03
     20      1 6.33884E-02
     20      2 1.08757E-01
     20      3 1.99776E-01
     20      4 2.61563E-01
     20      5 1.97928E-01
     20      6 1.02507E-01
     20      7 4.75600E-02
     20      8 2.57601E-02
     20      9 7.67483E-02
     20     10 1.68700E-01
     20     11 5.26887E-01
     20     12 1.14501E+00
     20     13 5.26276E-01
     20     14 1.62048E-01
     20     15 5.89638E-02
     20     16 2.82199E-02
     20     17 8.34204E-02
     20     18 2.15381E-01
     20     19 1.12957E+00
     20     20 4.70671E+00
     20     21 1.13065E+00
     20     22 2.08747E-01
     20     23 6.49978E-02
     20     24 2.88347E-02
     20     25 6.80907E-02
     20     26 1.56806E-01
     20     27 5.12338E-01
     20     28 1.12735E+00
     20     29 5.09792E-01
     20     30 1.51261E-01
     20     31 5.27464E-02
     20     32 2.43537E-02
     20     33 4.24758E-02
     20     34 7.72172E-02
     20     35 1.51590E-01
     20     36 2.02914E-01
     20     37 1.50200E-01
     20     38 7.36285E-02
     20     39 3.24287E-02
     20     40 1.69109E-02
     20     41 2.23971E-02
     20     42 3.33045E-02
     20     43 5.08113E-02
     20     44 6.00349E-02
     20     45 5.00275E-02
     20     46 3.10126E-02
     20     47 1.67283E-02
     20     48 1.00495E-02
     20     49 1.10730E-02
     20     50 1.43382E-02
     20     51 1.88460E-02
     20     52 2.08571E-02
     20     53 1.83252E-02
     20     54 1.29902E-02
     20     55 8.18960E-03
     20     56 5.60538E-03
     20     57 6.39931E-03
     20     58 7.56343E-03
     20     59 8.99443E-03
     20     60 9.54286E-03
     20     61 8.60367E-03
     20     62 6.63745E-03
     20     63 4.70812E-03
     20     64 3.55979E-03
     21      1 2.58627E-02
     21      2 4.74395E-02
     21      3 1.02674E-01
     21      4 1.99012E-01
     21      5 2.62236E-01
     21      6 1.99401E-01
     21      7 1.08763E-01
     21      8 6.29077E-02
     21      9 2.83752E-02
     21     10 5.90228E-02
     21     11 1.62493E-01
     21     12 5.26897E-01
     21     13 1.14683E+00
     21     14 5.27208E-01
     21     15 1.67964E-01
     21     16 7.59856E-02
     21     17 2.88116E-02
     21     18 6.50681E-02
     21     19 2.09393E-01
     21     20 1.13065E+00
     21     21 4.70331E+00
     21     22 1.13061E+00
     21     23 2.13564E-01
     21     24 8.28587E-02
     21     25 2.43276E-02
     21     26 5.25161E-02
     21     27 1.51830E-01
     21     28 5.11870E-01
     21     29 1.12519E+00
     21     30 5.09637E-01
     21     31 1.56088E-01
     21     32 6.75486E-02
     21     33 1.68629E-02
     21     34 3.21126E-02
     21     35 7.34994E-02
     21     36 1.50625E-01
     21     37 2.05199E-01
     21     38 1.51612E-01
     21     39 7.75013E-02
     21     40 4.23032E-02
     21     41 1.00541E-02
     21     42 1.65736E-02
     21     43 3.09008E-02
     21     44 5.02358E-02
     21     45 6.10350E-02
     21     46 5.13142E-02
     21     47 3.35174E-02
     21     48 2.22753E-02
     21     49 5.59668E-03
     21     50 8.13741E-03
     21     51 1.29391E-02
     21     52 1.83915E-02
     21     53 2.11945E-02
     21     54 1.90764E-02
     21     55 1.44479E-02
     21     56 1.10693E-02
     21     57 3.55353E-03
     21     58 4.69664E-03
     21     59 6.64295E-03
     21     60 8.65387E-03
     21     61 9.64767E-03
     21     62 9.07561E-03
     21     63 7.60808E-03
     21     64 6.41325E-03
     22      1 1.03274E-02
     22      2 1.95648E-02
     22      3 4.52109E-02
     22      4 1.02405E-01
     22      5 1.99571E-01
     22      6 2.68858E-01
     22      7 2.17083E-01
     22      8 1.46494E-01
     22      9 1.07708E-02
     22     10 2.18840E-02
     22     11 5.68561E-02
     22     12 1.62065E-01
     22     13 5.26084E-01
     22     14 1.15313E+00
     22     15 5.46891E-01
     22     16 2.16398E-01
     22     17 1.05433E-02
     22     18 2.25140E-02
     22     19 6.32449E-02
     22     20 2.08747E-01
     22     21 1.13061E+00
     22     22 4.70909E+00
     22     23 1.15049E+00
     22     24 2.68898E-01
     22     25 9.05654E-03
     22     26 1.89148E-02
     22     27 5.12002E-02
     22     28 1.51862E-01
     22     29 5.11035E-01
     22     30 1.13180E+00
     22     31 5.26826E-01
     22     32 1.99334E-01
     22     33 6.69514E-03
     22     34 1.29637E-02
     22     35 3.10745E-02
     22     36 7.38333E-02
     22     37 1.52261E-01
     22     38 2.08804E-01
     22     39 1.61775E-01
     22     40 1.02260E-01
     22     41 4.36248E-03
     22     42 7.61477E-03
     22     43 1.58009E-02
     22     44 3.10817E-02
     22     45 5.13975E-02
     22     46 6.30405E-02
     22     47 5.66179E-02
     22     48 4.52729E-02
     22     49 2.67847E-03
     22     50 4.21145E-03
     22     51 7.60626E-03
     22     52 1.29863E-02
     22     53 1.90237E-02
     22     54 2.24547E-02
     22     55 2.18292E-02
     22     56 1.96549E-02
     22     57 1.84487E-03
     22     58 2.66285E-03
     22     59 4.31119E-03
     22     60 6.64744E-03
     22     61 9.02331E-03
     22     62 1.05085E-02
     22     63 1.07377E-02
     22     64 1.03146E-02
     23      1 4.22859E-03
     23      2 8.16464E-03
     23      3 1.95231E-02
     23      4 4.72246E-02
     23      5 1.08189E-01
     23      6 2.15242E-01
     23      7 3.06615E-01
     23      8 2.99271E-01
     23      9 4.28155E-03
     23     10 8.61082E-03
     23     11 2.18237E-02
     23     12 5.86566E-02
     23     13 1.67005E-01
     23     14 5.42250E-01
     23     15 1.19755E+00
     23     16 6.86243E-01
     23     17 4.09521E-03
     23     18 8.49542E-03
     23     19 2.25109E-02
     23     20 6.49978E-02
     23     21 2.13564E-01
     23     22 1.15049E+00
     23     23 4.76872E+00
     23     24 1.33790E+00
     23     25 3.55300E-03
     23     26 7.27192E-03
     23     27 1.90003E-02
     23     28 5.29675E-02
     23     29 1.57425E-01
     23     30 5.28980E-01
     23     31 1.17928E+00
     23     32 6.58431E-01
     23     33 2.74756E-03
     23     34 5.35170E-03
     23     35 1.30347E-02
     23     36 3.24560E-02
     23     37 7.81648E-02
     23     38 1.62665E-01
     23     39 2.33089E-01
     23     40 2.20607E-01
     23     41 1.92011E-03
     23     42 3.46796E-03
     23     43 7.63923E-03
     23     44 1.66984E-02
     23     45 3.35373E-02
     23     46 5.65587E-02
     23     47 7.45256E-02
     23     48 7.90192E-02
     23     49 1.28280E-03
     23     50 2.13226E-03
     23     51 4.20192E-03
     23     52 8.14802E-03
     23     53 1.43550E-02
     23     54 2.16884E-02
     23     55 2.76256E-02
     23     56 3.00981E-02
     23     57 9.48923E-04
     23     58 1.47028E-03
     23     59 2.64590E-03
     23     60 4.66482E-03
     23     61 7.48850E-03
     23     62 1.06321E-02
     23     63 1.32097E-02
     23     64 1.44638E-02
     24      1 2.14471E-03
     24      2 4.18982E-03
     24      3 1.02215E-02
     24      4 2.55765E-02
     24      5 6.25984E-02
     24      6 1.45167E-01
     24      7 2.97801E-01
     24      8 4.56328E-01
     24      9 2.13355E-03
