      1      1 1.08604E-02
      1      2 2.17238E-04
      1      3 2.54433E-07
      1      4 4.74888E-08
      1      5 2.06741E-04
      1      6 5.12077E-06
      1      7 1.32890E-07
      1      8 3.08008E-08
      1      9 2.54243E-07
      1     10 1.32970E-07
      1     11 4.37251E-08
      1     12 1.41507E-08
      1     13 4.74419E-08
      1     14 3.07657E-08
      1     15 1.41497E-08
      1     16 6.21537E-09
      2      1 2.17238E-04
      2      2 1.06308E-02
      2      3 2.11441E-04
      2      4 2.54379E-07
      2      5 5.47727E-06
      2      6 2.19481E-04
      2      7 5.09607E-06
      2      8 1.32636E-07
      2      9 1.32610E-07
      2     10 1.65415E-07
      2     11 1.03254E-07
      2     12 4.36106E-08
      2     13 3.07860E-08
      2     14 3.07345E-08
      2     15 2.28106E-08
      2     16 1.41552E-08
      3      1 2.54433E-07
      3      2 2.11441E-04
      3      3 1.06369E-02
      3      4 2.10165E-04
      3      5 1.32919E-07
      3      6 5.55175E-06
      3      7 2.19380E-04
      3      8 6.09838E-06
      3      9 4.36358E-08
      3     10 1.03499E-07
      3     11 1.65543E-07
      3     12 1.32798E-07
      3     13 1.41616E-08
      3     14 2.28135E-08
      3     15 3.07622E-08
      3     16 3.08116E-08
      4      1 4.74888E-08
      4      2 2.54379E-07
      4      3 2.10165E-04
      4      4 1.08502E-02
      4      5 3.08251E-08
      4      6 1.32411E-07
      4      7 8.94548E-06
      4      8 2.20123E-04
      4      9 1.41658E-08
      4     10 4.37530E-08
      4     11 1.32946E-07
      4     12 2.54987E-07
      4     13 6.22180E-09
      4     14 1.41621E-08
      4     15 3.07954E-08
      4     16 4.75479E-08
      5      1 2.06741E-04
      5      2 5.47727E-06
      5      3 1.32919E-07
      5      4 3.08251E-08
      5      5 1.06492E-02
      5      6 2.13307E-04
      5      7 1.65180E-07
      5      8 3.07964E-08
      5      9 2.08965E-04
      5     10 5.82533E-06
      5     11 1.03355E-07
      5     12 2.28129E-08
      5     13 2.54343E-07
      5     14 1.32688E-07
      5     15 4.36273E-08
      5     16 1.41560E-08
      6      1 5.12077E-06
      6      2 2.19481E-04
      6      3 5.55175E-06
      6      4 1.32411E-07
      6      5 2.13307E-04
      6      6 1.04005E-02
      6      7 2.14542E-04
      6      8 1.64829E-07
      6      9 4.71806E-06
      6     10 2.21238E-04
      6     11 5.18933E-06
      6     12 1.02985E-07
      6     13 1.32656E-07
      6     14 1.65162E-07
      6     15 1.03244E-07
      6     16 4.36749E-08
      7      1 1.32890E-07
      7      2 5.09607E-06
      7      3 2.19380E-04
      7      4 8.94548E-06
      7      5 1.65180E-07
      7      6 2.14542E-04
      7      7 1.03884E-02
      7      8 2.18496E-04
      7      9 1.03036E-07
      7     10 6.74004E-06
      7     11 2.22687E-04
      7     12 5.40089E-06
      7     13 4.35985E-08
      7     14 1.02943E-07
      7     15 1.65020E-07
      7     16 1.32876E-07
      8      1 3.08008E-08
      8      2 1.32636E-07
      8      3 6.09838E-06
      8      4 2.20123E-04
      8      5 3.07964E-08
      8      6 1.64829E-07
      8      7 2.18496E-04
      8      8 1.06266E-02
      8      9 2.28473E-08
      8     10 1.03365E-07
      8     11 5.84897E-06
      8     12 2.12369E-04
      8     13 1.41650E-08
      8     14 4.36399E-08
      8     15 1.32604E-07
      8     16 2.54734E-07
      9      1 2.54243E-07
      9      2 1.32610E-07
      9      3 4.36358E-08
      9      4 1.41658E-08
      9      5 2.08965E-04
      9      6 4.71806E-06
      9      7 1.03036E-07
      9      8 2.28473E-08
      9      9 1.06490E-02
      9     10 2.09300E-04
      9     11 1.65370E-07
      9     12 3.07553E-08
      9     13 2.12114E-04
      9     14 5.47370E-06
      9     15 1.32733E-07
      9     16 3.07989E-08
     10      1 1.32970E-07
     10      2 1.65415E-07
     10      3 1.03499E-07
     10      4 4.37530E-08
     10      5 5.82533E-06
     10      6 2.21238E-04
     10      7 6.74004E-06
     10      8 1.03365E-07
     10      9 2.09300E-04
     10     10 1.04146E-02
     10     11 2.14304E-04
     10     12 1.64927E-07
     10     13 5.25714E-06
     10     14 2.07916E-04
     10     15 4.41788E-06
     10     16 1.32766E-07
     11      1 4.37251E-08
     11      2 1.03254E-07
     11      3 1.65543E-07
     11      4 1.32946E-07
     11      5 1.03355E-07
     11      6 5.18933E-06
     11      7 2.22687E-04
     11      8 5.84897E-06
     11      9 1.65370E-07
     11     10 2.14304E-04
     11     11 1.04104E-02
     11     12 2.12857E-04
     11     13 1.32668E-07
     11     14 5.22174E-06
     11     15 2.07643E-04
     11     16 5.54119E-06
     12      1 1.41507E-08
     12      2 4.36106E-08
     12      3 1.32798E-07
     12      4 2.54987E-07
     12      5 2.28129E-08
     12      6 1.02985E-07
     12      7 5.40089E-06
     12      8 2.12369E-04
     12      9 3.07553E-08
     12     10 1.64927E-07
     12     11 2.12857E-04
     12     12 1.06327E-02
     12     13 3.07436E-08
     12     14 1.32456E-07
     12     15 5.29767E-06
     12     16 2.20888E-04
     13      1 4.74419E-08
     13      2 3.07860E-08
     13      3 1.41616E-08
     13      4 6.22180E-09
     13      5 2.54343E-07
     13      6 1.32656E-07
     13      7 4.35985E-08
     13      8 1.41650E-08
     13      9 2.12114E-04
     13     10 5.25714E-06
     13     11 1.32668E-07
     13     12 3.07436E-08
     13     13 1.08568E-02
     13     14 2.15312E-04
     13     15 2.53953E-07
     13     16 4.73917E-08
     14      1 3.07657E-08
     14      2 3.07345E-08
     14      3 2.28135E-08
     14      4 1.41621E-08
     14      5 1.32688E-07
     14      6 1.65162E-07
     14      7 1.02943E-07
     14      8 4.36399E-08
     14      9 5.47370E-06
     14     10 2.07916E-04
     14     11 5.22174E-06
     14     12 1.32456E-07
     14     13 2.15312E-04
     14     14 1.06432E-02
     14     15 2.12464E-04
     14     16 2.54451E-07
     15      1 1.41497E-08
     15      2 2.28106E-08
     15      3 3.07622E-08
     15      4 3.07954E-08
     15      5 4.36273E-08
     15      6 1.03244E-07
     15      7 1.65020E-07
     15      8 1.32604E-07
     15      9 1.32733E-07
     15     10 4.41788E-06
     15     11 2.07643E-04
     15     12 5.29767E-06
     15     13 2.53953E-07
     15     14 2.12464E-04
     15     15 1.06431E-02
     15     16 2.16648E-04
     16      1 6.21537E-09
     16      2 1.41552E-08
     16      3 3.08116E-08
     16      4 4.75479E-08
     16      5 1.41560E-08
     16      6 4.36749E-08
     16      7 1.32876E-07
     16      8 2.54734E-07
     16      9 3.07989E-08
     16     10 1.32766E-07
     16     11 5.54119E-06
     16     12 2.20888E-04
     16     13 4.73917E-08
     16     14 2.54451E-07
     16     15 2.16648E-04
     16     16 1.08464E-02
