      1      1 9.45455E+00
      1      2 3.08378E+00
      1      3 9.15809E-01
      1      4 3.27148E-01
      1      5 1.23774E-01
      1      6 4.84102E-02
      1      7 2.01345E-02
      1      8 1.04788E-02
      1      9 3.08211E+00
      1     10 1.56194E+00
      1     11 6.26323E-01
      1     12 2.51203E-01
      1     13 1.01280E-01
      1     14 4.10024E-02
      1     15 1.75109E-02
      1     16 9.36575E-03
      1     17 9.02638E-01
      1     18 6.20521E-01
      1     19 3.29675E-01
      1     20 1.54686E-01
      1     21 6.82509E-02
      1     22 2.97220E-02
      1     23 1.33980E-02
      1     24 7.45745E-03
      1     25 3.23748E-01
      1     26 2.48123E-01
      1     27 1.53727E-01
      1     28 8.21985E-02
      1     29 4.02209E-02
      1     30 1.90800E-02
      1     31 9.19626E-03
      1     32 5.38646E-03
      1     33 1.23206E-01
      1     34 1.00436E-01
      1     35 6.86431E-02
      1     36 4.07883E-02
      1     37 2.18994E-02
      1     38 1.12159E-02
      1     39 5.80917E-03
      1     40 3.58054E-03
      1     41 4.83571E-02
      1     42 4.13375E-02
      1     43 3.01566E-02
      1     44 1.94197E-02
      1     45 1.13169E-02
      1     46 6.20213E-03
      1     47 3.45915E-03
      1     48 2.26206E-03
      1     49 2.00599E-02
      1     50 1.75254E-02
      1     51 1.35579E-02
      1     52 9.37432E-03
      1     53 5.86324E-03
      1     54 3.43300E-03
      1     55 2.06474E-03
      1     56 1.43849E-03
      1     57 1.04323E-02
      1     58 9.33921E-03
      1     59 7.54348E-03
      1     60 5.47877E-03
      1     61 3.61885E-03
      1     62 2.25661E-03
      1     63 1.43470E-03
      1     64 1.04723E-03
      2      1 3.08378E+00
      2      2 7.23139E+00
      2      3 2.48815E+00
      2      4 7.12267E-01
      2      5 2.53625E-01
      2      6 9.64453E-02
      2      7 3.93959E-02
      2      8 2.02472E-02
      2      9 1.56449E+00
      2     10 2.14504E+00
      2     11 1.19439E+00
      2     12 4.79971E-01
      2     13 1.93257E-01
      2     14 7.81626E-02
      2     15 3.32617E-02
      2     16 1.77215E-02
      2     17 6.23134E-01
      2     18 6.19779E-01
      2     19 4.52953E-01
      2     20 2.46745E-01
      2     21 1.16512E-01
      2     22 5.25585E-02
      2     23 2.41426E-02
      2     24 1.35793E-02
      2     25 2.50675E-01
      2     26 2.32416E-01
      2     27 1.80126E-01
      2     28 1.13111E-01
      2     29 6.11896E-02
      2     30 3.09003E-02
      2     31 1.55113E-02
      2     32 9.32461E-03
      2     33 1.01461E-01
      2     34 9.25722E-02
      2     35 7.39903E-02
      2     36 5.05958E-02
      2     37 3.01960E-02
      2     38 1.66897E-02
      2     39 9.14757E-03
      2     40 5.85586E-03
      2     41 4.14056E-02
      2     42 3.80495E-02
      2     43 3.10664E-02
      2     44 2.24750E-02
      2     45 1.44531E-02
      2     46 8.57923E-03
      2     47 5.10318E-03
      2     48 3.48640E-03
      2     49 1.76762E-02
      2     50 1.62200E-02
      2     51 1.36160E-02
      2     52 1.03271E-02
      2     53 7.04464E-03
      2     54 4.45556E-03
      2     55 2.86476E-03
      2     56 2.08980E-03
      2     57 9.38877E-03
      2     58 8.70436E-03
      2     59 7.47332E-03
      2     60 5.84412E-03
      2     61 4.16588E-03
      2     62 2.79592E-03
      2     63 1.90116E-03
      2     64 1.45434E-03
      3      1 9.15809E-01
      3      2 2.48815E+00
      3      3 7.01898E+00
      3      4 2.42121E+00
      3      5 6.85861E-01
      3      6 2.45236E-01
      3      7 9.71619E-02
      3      8 4.90232E-02
      3      9 6.26910E-01
      3     10 1.19083E+00
      3     11 1.99164E+00
      3     12 1.13363E+00
      3     13 4.56781E-01
      3     14 1.84935E-01
      3     15 7.84890E-02
      3     16 4.16728E-02
      3     17 3.30751E-01
      3     18 4.50824E-01
      3     19 5.35321E-01
      3     20 4.12789E-01
      3     21 2.28638E-01
      3     22 1.10930E-01
      3     23 5.28499E-02
      3     24 3.03101E-02
      3     25 1.55492E-01
      3     26 1.80080E-01
      3     27 1.91198E-01
      3     28 1.57467E-01
      3     29 1.02267E-01
      3     30 5.77314E-02
      3     31 3.10595E-02
      3     32 1.94736E-02
      3     33 6.92699E-02
      3     34 7.38478E-02
      3     35 7.41031E-02
      3     36 6.29868E-02
      3     37 4.46324E-02
      3     38 2.79384E-02
      3     39 1.67613E-02
      3     40 1.13703E-02
      3     41 3.01764E-02
      3     42 3.09705E-02
      3     43 3.00429E-02
      3     44 2.60088E-02
      3     45 1.95092E-02
      3     46 1.31227E-02
      3     47 8.61921E-03
      3     48 6.28264E-03
      3     49 1.35533E-02
      3     50 1.34792E-02
      3     51 1.29046E-02
      3     52 1.13289E-02
      3     53 8.85035E-03
      3     54 6.30792E-03
      3     55 4.48484E-03
      3     56 3.49557E-03
      3     57 7.47963E-03
      3     58 7.36621E-03
      3     59 7.00641E-03
      3     60 6.17903E-03
      3     61 4.97020E-03
      3     62 3.73649E-03
      3     63 2.80688E-03
      3     64 2.29370E-03
      4      1 3.27148E-01
      4      2 7.12267E-01
      4      3 2.42121E+00
      4      4 6.99815E+00
      4      5 2.41030E+00
      4      6 6.85684E-01
      4      7 2.55029E-01
      4      8 1.24951E-01
      4      9 2.50880E-01
      4     10 4.77264E-01
      4     11 1.13077E+00
      4     12 1.96426E+00
      4     13 1.12401E+00
      4     14 4.55780E-01
      4     15 1.92867E-01
      4     16 1.02131E-01
      4     17 1.54935E-01
      4     18 2.45321E-01
      4     19 4.12565E-01
      4     20 5.16609E-01
      4     21 4.04988E-01
      4     22 2.29489E-01
      4     23 1.17150E-01
      4     24 6.95033E-02
      4     25 8.32737E-02
      4     26 1.13550E-01
      4     27 1.58343E-01
      4     28 1.79037E-01
      4     29 1.52591E-01
      4     30 1.02988E-01
      4     31 6.18067E-02
      4     32 4.12600E-02
      4     33 4.10325E-02
      4     34 5.03903E-02
      4     35 6.29304E-02
      4     36 6.79957E-02
      4     37 5.99504E-02
      4     38 4.45332E-02
      4     39 3.03042E-02
      4     40 2.22253E-02
      4     41 1.93088E-02
      4     42 2.22181E-02
      4     43 2.57895E-02
      4     44 2.71813E-02
      4     45 2.44833E-02
      4     46 1.92811E-02
      4     47 1.43810E-02
      4     48 1.13641E-02
      4     49 9.25244E-03
      4     50 1.00837E-02
      4     51 1.11748E-02
      4     52 1.15543E-02
      4     53 1.05631E-02
      4     54 8.69088E-03
      4     55 6.97310E-03
      4     56 5.86939E-03
      4     57 5.36869E-03
      4     58 5.69216E-03
      4     59 6.10846E-03
      4     60 6.18907E-03
      4     61 5.72508E-03
      4     62 4.91059E-03
      4     63 4.13237E-03
      4     64 3.62937E-03
      5      1 1.23774E-01
      5      2 2.53625E-01
      5      3 6.85861E-01
      5      4 2.41030E+00
      5      5 6.99595E+00
      5      6 2.41225E+00
      5      7 7.14208E-01
      5      8 3.28586E-01
      5      9 1.00960E-01
      5     10 1.91744E-01
      5     11 4.53820E-01
      5     12 1.12477E+00
      5     13 1.97014E+00
      5     14 1.13412E+00
      5     15 4.78619E-01
      5     16 2.52703E-01
      5     17 6.87430E-02
      5     18 1.16452E-01
      5     19 2.28916E-01
      5     20 4.06688E-01
      5     21 5.17047E-01
      5     22 4.13192E-01
      5     23 2.46497E-01
      5     24 1.56247E-01
      5     25 4.08945E-02
      5     26 6.17023E-02
      5     27 1.03068E-01
      5     28 1.52924E-01
      5     29 1.79099E-01
      5     30 1.57904E-01
      5     31 1.13526E-01
      5     32 8.37934E-02
      5     33 2.20509E-02
      5     34 3.01336E-02
      5     35 4.46916E-02
      5     36 6.01221E-02
      5     37 6.73427E-02
      5     38 6.22630E-02
      5     39 5.04321E-02
      5     40 4.11666E-02
      5     41 1.12214E-02
      5     42 1.42565E-02
      5     43 1.93546E-02
      5     44 2.45540E-02
      5     45 2.68630E-02
      5     46 2.54806E-02
      5     47 2.22589E-02
      5     48 1.94242E-02
      5     49 5.77557E-03
      5     50 6.87316E-03
      5     51 8.74427E-03
      5     52 1.05997E-02
      5     53 1.14243E-02
      5     54 1.10396E-02
      5     55 1.01736E-02
      5     56 9.33420E-03
      5     57 3.54702E-03
      5     58 4.06164E-03
      5     59 4.92269E-03
      5     60 5.73615E-03
      5     61 6.13820E-03
      5     62 6.06502E-03
      5     63 5.76161E-03
      5     64 5.45212E-03
      6      1 4.84102E-02
      6      2 9.64453E-02
      6      3 2.45236E-01
      6      4 6.85684E-01
      6      5 2.41225E+00
      6      6 7.02337E+00
      6      7 2.49236E+00
      6      8 9.15694E-01
      6      9 4.10596E-02
      6     10 7.78179E-02
      6     11 1.83735E-01
      6     12 4.55382E-01
      6     13 1.13303E+00
      6     14 1.99403E+00
      6     15 1.19135E+00
      6     16 6.29364E-01
      6     17 2.98855E-02
      6     18 5.23766E-02
      6     19 1.10274E-01
      6     20 2.29099E-01
      6     21 4.12734E-01
      6     22 5.36624E-01
      6     23 4.53768E-01
      6     24 3.33484E-01
      6     25 1.92159E-02
      6     26 3.08498E-02
      6     27 5.74692E-02
      6     28 1.02231E-01
      6     29 1.57242E-01
      6     30 1.90611E-01
      6     31 1.80531E-01
      6     32 1.56492E-01
      6     33 1.12025E-02
      6     34 1.65284E-02
      6     35 2.77546E-02
      6     36 4.43832E-02
      6     37 6.19650E-02
      6     38 7.31157E-02
      6     39 7.39215E-02
      6     40 6.94007E-02
      6     41 6.14990E-03
      6     42 8.46757E-03
      6     43 1.30453E-02
      6     44 1.93861E-02
      6     45 2.55276E-02
      6     46 2.95590E-02
      6     47 3.09494E-02
      6     48 3.02595E-02
      6     49 3.41045E-03
      6     50 4.39109E-03
      6     51 6.30300E-03
      6     52 8.81415E-03
      6     53 1.11433E-02
      6     54 1.27167E-02
      6     55 1.35684E-02
      6     56 1.36163E-02
      6     57 2.22405E-03
      6     58 2.74397E-03
      6     59 3.72669E-03
      6     60 4.95181E-03
      6     61 6.10604E-03
      6     62 6.94620E-03
      6     63 7.43671E-03
      6     64 7.55834E-03
      7      1 2.01345E-02
      7      2 3.93959E-02
      7      3 9.71619E-02
      7      4 2.55029E-01
      7      5 7.14208E-01
      7      6 2.49236E+00
      7      7 7.21776E+00
      7      8 3.08043E+00
      7      9 1.75839E-02
      7     10 3.32164E-02
      7     11 7.81807E-02
      7     12 1.93430E-01
      7     13 4.80674E-01
      7     14 1.19244E+00
      7     15 2.14221E+00
      7     16 1.56730E+00
      7     17 1.34847E-02
      7     18 2.40948E-02
      7     19 5.25823E-02
      7     20 1.17408E-01
      7     21 2.47670E-01
      7     22 4.53709E-01
      7     23 6.22857E-01
      7     24 6.28159E-01
      7     25 9.25385E-03
      7     26 1.54823E-02
      7     27 3.09039E-02
      7     28 6.14931E-02
      7     29 1.13369E-01
      7     30 1.79976E-01
      7     31 2.33477E-01
      7     32 2.51989E-01
      7     33 5.78950E-03
      7     34 9.04054E-03
      7     35 1.66012E-02
      7     36 3.01033E-02
      7     37 4.99125E-02
      7     38 7.32351E-02
      7     39 9.27493E-02
      7     40 1.01318E-01
      7     41 3.42157E-03
      7     42 5.02661E-03
      7     43 8.54840E-03
      7     44 1.43916E-02
      7     45 2.21245E-02
      7     46 3.06288E-02
      7     47 3.79949E-02
      7     48 4.13530E-02
      7     49 2.04582E-03
      7     50 2.81898E-03
      7     51 4.47097E-03
      7     52 7.03535E-03
      7     53 1.01942E-02
      7     54 1.34531E-02
      7     55 1.63151E-02
      7     56 1.76863E-02
      7     57 1.41629E-03
      7     58 1.86994E-03
      7     59 2.80309E-03
      7     60 4.16550E-03
      7     61 5.79769E-03
      7     62 7.42996E-03
      7     63 8.77762E-03
      7     64 9.44659E-03
      8      1 1.04788E-02
      8      2 2.02472E-02
      8      3 4.90232E-02
      8      4 1.24951E-01
      8      5 3.28586E-01
      8      6 9.15694E-01
      8      7 3.08043E+00
      8      8 9.43193E+00
      8      9 9.34899E-03
      8     10 1.75952E-02
      8     11 4.12591E-02
      8     12 1.01871E-01
      8     13 2.52639E-01
      8     14 6.28283E-01
      8     15 1.56388E+00
      8     16 3.07890E+00
      8     17 7.45368E-03
      8     18 1.34598E-02
      8     19 2.99293E-02
      8     20 6.92058E-02
      8     21 1.56150E-01
      8     22 3.31301E-01
      8     23 6.24024E-01
      8     24 9.12061E-01
      8     25 5.37620E-03
      8     26 9.22816E-03
      8     27 1.91882E-02
      8     28 4.06545E-02
      8     29 8.27684E-02
      8     30 1.54181E-01
      8     31 2.49790E-01
      8     32 3.25521E-01
      8     33 3.55562E-03
      8     34 5.76291E-03
      8     35 1.11969E-02
      8     36 2.19316E-02
      8     37 4.04145E-02
      8     38 6.81686E-02
      8     39 1.00627E-01
      8     40 1.22629E-01
      8     41 2.22952E-03
      8     42 3.42294E-03
      8     43 6.20733E-03
      8     44 1.13118E-02
      8     45 1.91906E-02
      8     46 2.97869E-02
      8     47 4.12182E-02
      8     48 4.80959E-02
      8     49 1.41537E-03
      8     50 2.04412E-03
      8     51 3.46223E-03
      8     52 5.87580E-03
      8     53 9.28375E-03
      8     54 1.34131E-02
      8     55 1.75943E-02
      8     56 1.99864E-02
      8     57 1.02565E-03
      8     58 1.42030E-03
      8     59 2.27373E-03
      8     60 3.63036E-03
      8     61 5.44962E-03
      8     62 7.50597E-03
      8     63 9.39492E-03
      8     64 1.04495E-02
      9      1 3.08211E+00
      9      2 1.56449E+00
      9      3 6.26910E-01
      9      4 2.50880E-01
      9      5 1.00960E-01
      9      6 4.10596E-02
      9      7 1.75839E-02
      9      8 9.34899E-03
      9      9 7.24791E+00
      9     10 2.14058E+00
      9     11 6.19964E-01
      9     12 2.32824E-01
      9     13 9.24780E-02
      9     14 3.73995E-02
      9     15 1.60712E-02
      9     16 8.65664E-03
      9     17 2.48997E+00
      9     18 1.18700E+00
      9     19 4.51732E-01
      9     20 1.80142E-01
      9     21 7.31158E-02
      9     22 3.04101E-02
      9     23 1.33653E-02
      9     24 7.33317E-03
      9     25 7.10329E-01
      9     26 4.75364E-01
      9     27 2.45448E-01
      9     28 1.13094E-01
      9     29 4.98726E-02
      9     30 2.20260E-02
      9     31 1.00965E-02
      9     32 5.71514E-03
      9     33 2.53681E-01
      9     34 1.92229E-01
      9     35 1.17430E-01
      9     36 6.22183E-02
      9     37 3.03056E-02
      9     38 1.43574E-02
      9     39 6.97990E-03
      9     40 4.10941E-03
      9     41 9.66960E-02
      9     42 7.90068E-02
      9     43 5.34263E-02
      9     44 3.15226E-02
      9     45 1.69099E-02
      9     46 8.60309E-03
      9     47 4.49230E-03
      9     48 2.79827E-03
      9     49 3.93857E-02
      9     50 3.33878E-02
      9     51 2.44890E-02
      9     52 1.58539E-02
      9     53 9.26444E-03
      9     54 5.07612E-03
      9     55 2.86644E-03
      9     56 1.90484E-03
      9     57 2.02224E-02
      9     58 1.77217E-02
      9     59 1.37656E-02
      9     60 9.50311E-03
      9     61 5.93019E-03
      9     62 3.48299E-03
      9     63 2.08542E-03
      9     64 1.45435E-03
     10      1 1.56194E+00
     10      2 2.14504E+00
     10      3 1.19083E+00
     10      4 4.77264E-01
     10      5 1.91744E-01
     10      6 7.78179E-02
     10      7 3.32164E-02
     10      8 1.75952E-02
     10      9 2.14058E+00
     10     10 5.69918E+00
     10     11 1.75208E+00
     10     12 4.81970E-01
     10     13 1.79283E-01
     10     14 7.09923E-02
     10     15 3.02131E-02
     10     16 1.61844E-02
     10     17 1.18752E+00
     10     18 1.75288E+00
     10     19 9.21756E-01
     10     20 3.47475E-01
     10     21 1.36943E-01
     10     22 5.63019E-02
     10     23 2.46099E-02
     10     24 1.34674E-02
     10     25 4.77357E-01
     10     26 4.81479E-01
     10     27 3.47892E-01
     10     28 1.83398E-01
     10     29 8.49666E-02
     10     30 3.83761E-02
     10     31 1.78099E-02
     10     32 1.01610E-02
     10     33 1.92627E-01
     10     34 1.79197E-01
     10     35 1.38617E-01
     10     36 8.64012E-02
     10     37 4.61854E-02
     10     38 2.30845E-02
     10     39 1.16099E-02
     10     40 6.98168E-03
     10     41 7.84259E-02
     10     42 7.21425E-02
     10     43 5.75064E-02
     10     44 3.92255E-02
     10     45 2.33270E-02
     10     46 1.27414E-02
     10     47 6.99587E-03
     10     48 4.49950E-03
     10     49 3.33676E-02
     10     50 3.04667E-02
     10     51 2.50636E-02
     10     52 1.82403E-02
     10     53 1.17508E-02
     10     54 6.95254E-03
     10     55 4.17143E-03
     10     56 2.88587E-03
     10     57 1.76561E-02
     10     58 1.62598E-02
     10     59 1.37183E-02
     10     60 1.03954E-02
     10     61 7.08610E-03
     10     62 4.50066E-03
     10     63 2.88187E-03
     10     64 2.10416E-03
     11      1 6.26323E-01
     11      2 1.19439E+00
     11      3 1.99164E+00
     11      4 1.13077E+00
     11      5 4.53820E-01
     11      6 1.83735E-01
     11      7 7.81807E-02
     11      8 4.12591E-02
     11      9 6.19964E-01
     11     10 1.75208E+00
     11     11 5.57433E+00
     11     12 1.70104E+00
     11     13 4.60541E-01
     11     14 1.70795E-01
     11     15 7.10875E-02
     11     16 3.77179E-02
     11     17 4.50364E-01
     11     18 9.15837E-01
     11     19 1.64470E+00
     11     20 8.76110E-01
     11     21 3.25831E-01
     11     22 1.30497E-01
     11     23 5.63780E-02
     11     24 3.07027E-02
     11     25 2.45586E-01
     11     26 3.45470E-01
     11     27 4.18280E-01
     11     28 3.15724E-01
     11     29 1.68799E-01
     11     30 8.05097E-02
     11     31 3.83243E-02
     11     32 2.21774E-02
     11     33 1.16908E-01
     11     34 1.37449E-01
     11     35 1.47752E-01
     11     36 1.21763E-01
     11     37 7.77545E-02
     11     38 4.30270E-02
     11     39 2.30039E-02
     11     40 1.43380E-02
     11     41 5.26803E-02
     11     42 5.69441E-02
     11     43 5.75263E-02
     11     44 4.91490E-02
     11     45 3.46356E-02
     11     46 2.13094E-02
     11     47 1.27104E-02
     11     48 8.60088E-03
     11     49 2.41198E-02
     11     50 2.46575E-02
     11     51 2.41594E-02
     11     52 2.10613E-02
     11     53 1.58042E-02
     11     54 1.05549E-02
     11     55 6.95580E-03
     11     56 5.10910E-03
     11     57 1.34539E-02
     11     58 1.34434E-02
     11     59 1.29483E-02
     11     60 1.13588E-02
     11     61 8.87873E-03
     11     62 6.35523E-03
     11     63 4.49623E-03
     11     64 3.50458E-03
     12      1 2.51203E-01
     12      2 4.79971E-01
     12      3 1.13363E+00
     12      4 1.96426E+00
     12      5 1.12477E+00
     12      6 4.55382E-01
     12      7 1.93430E-01
     12      8 1.01871E-01
     12      9 2.32824E-01
     12     10 4.81970E-01
     12     11 1.70104E+00
     12     12 5.54153E+00
     12     13 1.69179E+00
     12     14 4.59775E-01
     12     15 1.79200E-01
     12     16 9.31314E-02
     12     17 1.80194E-01
     12     18 3.46677E-01
     12     19 8.77932E-01
     12     20 1.62502E+00
     12     21 8.62992E-01
     12     22 3.28113E-01
     12     23 1.37724E-01
     12     24 7.41293E-02
     12     25 1.13976E-01
     12     26 1.84069E-01
     12     27 3.18513E-01
     12     28 4.02231E-01
     12     29 3.09190E-01
     12     30 1.70347E-01
     12     31 8.55600E-02
     12     32 5.07202E-02
     12     33 6.20815E-02
     12     34 8.58764E-02
     12     35 1.22051E-01
     12     36 1.39627E-01
     12     37 1.17636E-01
     12     38 7.77335E-02
     12     39 4.61405E-02
     12     40 3.04374E-02
     12     41 3.10673E-02
     12     42 3.86818E-02
     12     43 4.88944E-02
     12     44 5.35227E-02
     12     45 4.70182E-02
     12     46 3.43109E-02
     12     47 2.31172E-02
     12     48 1.68205E-02
     12     49 1.55073E-02
     12     50 1.77832E-02
     12     51 2.08545E-02
     12     52 2.21427E-02
     12     53 1.99350E-02
     12     54 1.55586E-02
     12     55 1.15974E-02
     12     56 9.19695E-03
     12     57 9.23213E-03
     12     58 1.01164E-02
     12     59 1.12767E-02
     12     60 1.16404E-02
     12     61 1.06556E-02
     12     62 8.79975E-03
     12     63 7.01916E-03
     12     64 5.90550E-03
     13      1 1.01280E-01
     13      2 1.93257E-01
     13      3 4.56781E-01
     13      4 1.12401E+00
     13      5 1.97014E+00
     13      6 1.13303E+00
     13      7 4.80674E-01
     13      8 2.52639E-01
     13      9 9.24780E-02
     13     10 1.79283E-01
     13     11 4.60541E-01
     13     12 1.69179E+00
     13     13 5.53639E+00
     13     14 1.69919E+00
     13     15 4.81795E-01
     13     16 2.34433E-01
     13     17 7.37438E-02
     13     18 1.37795E-01
     13     19 3.28945E-01
     13     20 8.69989E-01
     13     21 1.62465E+00
     13     22 8.75205E-01
     13     23 3.46266E-01
     13     24 1.81177E-01
     13     25 5.04806E-02
     13     26 8.57217E-02
     13     27 1.70814E-01
     13     28 3.10357E-01
     13     29 4.01939E-01
     13     30 3.16565E-01
     13     31 1.83206E-01
     13     32 1.14374E-01
     13     33 3.02298E-02
     13     34 4.58972E-02
     13     35 7.78988E-02
     13     36 1.17774E-01
     13     37 1.38022E-01
     13     38 1.20429E-01
     13     39 8.57247E-02
     13     40 6.22186E-02
     13     41 1.65887E-02
     13     42 2.28851E-02
     13     43 3.43680E-02
     13     44 4.70502E-02
     13     45 5.27769E-02
     13     46 4.82068E-02
     13     47 3.86973E-02
     13     48 3.12514E-02
     13     49 9.03271E-03
     13     50 1.14220E-02
     13     51 1.56354E-02
     13     52 1.99668E-02
     13     53 2.18419E-02
     13     54 2.05551E-02
     13     55 1.79145E-02
     13     56 1.56466E-02
     13     57 5.75875E-03
     13     58 6.89296E-03
     13     59 8.81455E-03
     13     60 1.06595E-02
     13     61 1.15185E-02
     13     62 1.11703E-02
     13     63 1.02274E-02
     13     64 9.37901E-03
     14      1 4.10024E-02
     14      2 7.81626E-02
     14      3 1.84935E-01
     14      4 4.55780E-01
     14      5 1.13412E+00
     14      6 1.99403E+00
     14      7 1.19244E+00
     14      8 6.28283E-01
     14      9 3.73995E-02
     14     10 7.09923E-02
     14     11 1.70795E-01
     14     12 4.59775E-01
     14     13 1.69919E+00
     14     14 5.56870E+00
     14     15 1.75195E+00
     14     16 6.22528E-01
     14     17 3.04617E-02
     14     18 5.62139E-02
     14     19 1.30321E-01
     14     20 3.27205E-01
     14     21 8.73635E-01
     14     22 1.64560E+00
     14     23 9.20797E-01
     14     24 4.53525E-01
     14     25 2.19581E-02
     14     26 3.81415E-02
     14     27 8.02130E-02
     14     28 1.68897E-01
     14     29 3.15001E-01
     14     30 4.16749E-01
     14     31 3.45533E-01
     14     32 2.47226E-01
     14     33 1.41214E-02
     14     34 2.26422E-02
     14     35 4.26060E-02
     14     36 7.71544E-02
     14     37 1.19597E-01
     14     38 1.45676E-01
     14     39 1.37644E-01
     14     40 1.17426E-01
     14     41 8.40005E-03
     14     42 1.24558E-02
     14     43 2.11254E-02
     14     44 3.43422E-02
     14     45 4.81744E-02
     14     46 5.65738E-02
     14     47 5.69617E-02
     14     48 5.29738E-02
     14     49 4.97407E-03
     14     50 6.80523E-03
     14     51 1.05362E-02
     14     52 1.57191E-02
     14     53 2.06996E-02
     14     54 2.38102E-02
     14     55 2.48544E-02
     14     56 2.42977E-02
     14     57 3.39231E-03
     14     58 4.39475E-03
     14     59 6.33770E-03
     14     60 8.84116E-03
     14     61 1.12217E-02
     14     62 1.28430E-02
     14     63 1.35961E-02
     14     64 1.36342E-02
     15      1 1.75109E-02
     15      2 3.32617E-02
     15      3 7.84890E-02
     15      4 1.92867E-01
     15      5 4.78619E-01
     15      6 1.19135E+00
     15      7 2.14221E+00
     15      8 1.56388E+00
     15      9 1.60712E-02
     15     10 3.02131E-02
     15     11 7.10875E-02
     15     12 1.79200E-01
     15     13 4.81795E-01
     15     14 1.75195E+00
     15     15 5.70712E+00
     15     16 2.13803E+00
     15     17 1.33785E-02
     15     18 2.45649E-02
     15     19 5.62815E-02
     15     20 1.37664E-01
     15     21 3.47231E-01
     15     22 9.19857E-01
     15     23 1.75498E+00
     15     24 1.19456E+00
     15     25 1.00599E-02
     15     26 1.77112E-02
     15     27 3.82141E-02
     15     28 8.49841E-02
     15     29 1.82583E-01
     15     30 3.44429E-01
     15     31 4.80803E-01
     15     32 4.78405E-01
     15     33 6.86451E-03
     15     34 1.13947E-02
     15     35 2.27847E-02
     15     36 4.57233E-02
     15     37 8.46154E-02
     15     38 1.36280E-01
     15     39 1.78829E-01
     15     40 1.91933E-01
     15     41 4.38717E-03
     15     42 6.84634E-03
     15     43 1.26102E-02
     15     44 2.30681E-02
     15     45 3.83709E-02
     15     46 5.63753E-02
     15     47 7.17348E-02
     15     48 7.80911E-02
     15     49 2.80886E-03
     15     50 4.08601E-03
     15     51 6.94001E-03
     15     52 1.16652E-02
     15     53 1.79101E-02
     15     54 2.46476E-02
     15     55 3.05201E-02
     15     56 3.32673E-02
     15     57 2.03873E-03
     15     58 2.82348E-03
     15     59 4.49172E-03
     15     60 7.04893E-03
     15     61 1.02648E-02
     15     62 1.35813E-02
     15     63 1.63313E-02
     15     64 1.76968E-02
     16      1 9.36575E-03
     16      2 1.77215E-02
     16      3 4.16728E-02
     16      4 1.02131E-01
     16      5 2.52703E-01
     16      6 6.29364E-01
     16      7 1.56730E+00
     16      8 3.07890E+00
     16      9 8.65664E-03
     16     10 1.61844E-02
     16     11 3.77179E-02
     16     12 9.31314E-02
     16     13 2.34433E-01
     16     14 6.22528E-01
     16     15 2.13803E+00
     16     16 7.24679E+00
     16     17 7.33830E-03
     16     18 1.34402E-02
     16     19 3.06299E-02
     16     20 7.40482E-02
     16     21 1.81345E-01
     16     22 4.51792E-01
     16     23 1.18771E+00
     16     24 2.49987E+00
     16     25 5.69625E-03
     16     26 1.01055E-02
     16     27 2.20805E-02
     16     28 5.01996E-02
     16     29 1.13137E-01
     16     30 2.44154E-01
     16     31 4.74723E-01
     16     32 7.07691E-01
     16     33 4.06356E-03
     16     34 6.88548E-03
     16     35 1.42412E-02
     16     36 3.01591E-02
     16     37 6.12000E-02
     16     38 1.15616E-01
     16     39 1.90661E-01
     16     40 2.49677E-01
     16     41 2.74386E-03
     16     42 4.42175E-03
     16     43 8.55708E-03
     16     44 1.67762E-02
     16     45 3.09059E-02
     16     46 5.22684E-02
     16     47 7.78808E-02
     16     48 9.49816E-02
     16     49 1.86498E-03
     16     50 2.82501E-03
     16     51 5.08731E-03
     16     52 9.20912E-03
     16     53 1.55671E-02
     16     54 2.39854E-02
     16     55 3.31189E-02
     16     56 3.87339E-02
     16     57 1.41752E-03
     16     58 2.05482E-03
     16     59 3.48602E-03
     16     60 5.89880E-03
     16     61 9.36676E-03
     16     62 1.35553E-02
     16     63 1.76079E-02
     16     64 1.99862E-02
     17      1 9.02638E-01
     17      2 6.23134E-01
     17      3 3.30751E-01
     17      4 1.54935E-01
     17      5 6.87430E-02
     17      6 2.98855E-02
     17      7 1.34847E-02
     17      8 7.45368E-03
     17      9 2.48997E+00
     17     10 1.18752E+00
     17     11 4.50364E-01
     17     12 1.80194E-01
     17     13 7.37438E-02
     17     14 3.04617E-02
     17     15 1.33785E-02
     17     16 7.33830E-03
     17     17 7.03641E+00
     17     18 1.99027E+00
     17     19 5.35302E-01
     17     20 1.91956E-01
     17     21 7.36246E-02
     17     22 2.95630E-02
     17     23 1.27309E-02
     17     24 6.90094E-03
     17     25 2.41932E+00
     17     26 1.12575E+00
     17     27 4.12662E-01
     17     28 1.58712E-01
     17     29 6.27869E-02
     17     30 2.57484E-02
     17     31 1.11811E-02
     17     32 6.08454E-03
     17     33 6.86422E-01
     17     34 4.55404E-01
     17     35 2.31446E-01
     17     36 1.04725E-01
     17     37 4.53337E-02
     17     38 1.96347E-02
     17     39 8.87360E-03
     17     40 4.94481E-03
     17     41 2.45648E-01
     17     42 1.86804E-01
     17     43 1.12845E-01
     17     44 5.90988E-02
     17     45 2.85599E-02
     17     46 1.32896E-02
     17     47 6.41910E-03
     17     48 3.76921E-03
     17     49 9.70651E-02
     17     50 7.87726E-02
     17     51 5.36412E-02
     17     52 3.18272E-02
     17     53 1.70694E-02
     17     54 8.62855E-03
     17     55 4.51629E-03
     17     56 2.83061E-03
     17     57 4.89334E-02
     17     58 4.16619E-02
     17     59 3.07223E-02
     17     60 1.98620E-02
     17     61 1.15417E-02
     17     62 6.29906E-03
     17     63 3.50367E-03
     17     64 2.30632E-03
     18      1 6.20521E-01
     18      2 6.19779E-01
     18      3 4.50824E-01
     18      4 2.45321E-01
     18      5 1.16452E-01
     18      6 5.23766E-02
     18      7 2.40948E-02
     18      8 1.34598E-02
     18      9 1.18700E+00
     18     10 1.75288E+00
     18     11 9.15837E-01
     18     12 3.46677E-01
     18     13 1.37795E-01
     18     14 5.62139E-02
     18     15 2.45649E-02
     18     16 1.34402E-02
     18     17 1.99027E+00
     18     18 5.56935E+00
     18     19 1.64842E+00
     18     20 4.20620E-01
     18     21 1.47127E-01
     18     22 5.67373E-02
     18     23 2.38989E-02
     18     24 1.27863E-02
     18     25 1.12637E+00
     18     26 1.69403E+00
     18     27 8.74595E-01
     18     28 3.18091E-01
     18     29 1.21417E-01
     18     30 4.86921E-02
     18     31 2.08109E-02
     18     32 1.12025E-02
     18     33 4.54515E-01
     18     34 4.59365E-01
     18     35 3.30656E-01
     18     36 1.73106E-01
     18     37 7.89162E-02
     18     38 3.48362E-02
     18     39 1.58473E-02
     18     40 8.84457E-03
     18     41 1.84944E-01
     18     42 1.73388E-01
     18     43 1.33479E-01
     18     44 8.27805E-02
     18     45 4.40029E-02
     18     46 2.15950E-02
     18     47 1.07560E-02
     18     48 6.42305E-03
     18     49 7.85087E-02
     18     50 7.16861E-02
     18     51 5.74940E-02
     18     52 3.94357E-02
     18     53 2.34874E-02
     18     54 1.27580E-02
     18     55 7.02600E-03
     18     56 4.54694E-03
     18     57 4.13952E-02
     18     58 3.78973E-02
     18     59 3.13092E-02
     18     60 2.27614E-02
     18     61 1.46330E-02
     18     62 8.66561E-03
     18     63 5.14488E-03
     18     64 3.53711E-03
     19      1 3.29675E-01
     19      2 4.52953E-01
     19      3 5.35321E-01
     19      4 4.12565E-01
     19      5 2.28916E-01
     19      6 1.10274E-01
     19      7 5.25823E-02
     19      8 2.99293E-02
     19      9 4.51732E-01
     19     10 9.21756E-01
     19     11 1.64470E+00
     19     12 8.77932E-01
     19     13 3.28945E-01
     19     14 1.30321E-01
     19     15 5.62815E-02
     19     16 3.06299E-02
     19     17 5.35302E-01
     19     18 1.64842E+00
     19     19 5.44817E+00
     19     20 1.60420E+00
     19     21 3.98505E-01
     19     22 1.40368E-01
     19     23 5.67501E-02
     19     24 2.97028E-02
     19     25 4.12349E-01
     19     26 8.73204E-01
     19     27 1.59793E+00
     19     28 8.35302E-01
     19     29 3.00755E-01
     19     30 1.16335E-01
     19     31 4.85989E-02
     19     32 2.57769E-02
     19     33 2.29477E-01
     19     34 3.28357E-01
     19     35 4.01857E-01
     19     36 3.04282E-01
     19     37 1.60791E-01
     19     38 7.48065E-02
     19     39 3.47315E-02
     19     40 1.95328E-02
     19     41 1.10884E-01
     19     42 1.32254E-01
     19     43 1.43014E-01
     19     44 1.18390E-01
     19     45 7.53395E-02
     19     46 4.09211E-02
     19     47 2.15871E-02
     19     48 1.32918E-02
     19     49 5.26607E-02
     19     50 5.66023E-02
     19     51 5.76167E-02
     19     52 4.95589E-02
     19     53 3.50171E-02
     19     54 2.14186E-02
     19     55 1.28030E-02
     19     56 8.70623E-03
     19     57 2.99519E-02
     19     58 3.07092E-02
     19     59 3.02179E-02
     19     60 2.63198E-02
     19     61 1.97796E-02
     19     62 1.32759E-02
     19     63 8.69163E-03
     19     64 6.36275E-03
     20      1 1.54686E-01
     20      2 2.46745E-01
     20      3 4.12789E-01
     20      4 5.16609E-01
     20      5 4.06688E-01
     20      6 2.29099E-01
     20      7 1.17408E-01
     20      8 6.92058E-02
     20      9 1.80142E-01
     20     10 3.47475E-01
     20     11 8.76110E-01
     20     12 1.62502E+00
     20     13 8.69989E-01
     20     14 3.27205E-01
     20     15 1.37664E-01
     20     16 7.40482E-02
     20     17 1.91956E-01
     20     18 4.20620E-01
     20     19 1.60420E+00
     20     20 5.42198E+00
     20     21 1.58675E+00
     20     22 4.00296E-01
     20     23 1.47662E-01
     20     24 7.42016E-02
     20     25 1.59439E-01
     20     26 3.19544E-01
     20     27 8.41754E-01
     20     28 1.58092E+00
     20     29 8.29204E-01
     20     30 3.03299E-01
     20     31 1.22231E-01
     20     32 6.34777E-02
     20     33 1.03986E-01
     20     34 1.72145E-01
     20     35 3.04942E-01
     20     36 3.91195E-01
     20     37 2.99324E-01
     20     38 1.61309E-01
     20     39 7.90809E-02
     20     40 4.54223E-02
     20     41 5.80482E-02
     20     42 8.17086E-02
     20     43 1.17924E-01
     20     44 1.37022E-01
     20     45 1.15389E-01
     20     46 7.49749E-02
     20     47 4.38412E-02
     20     48 2.84754E-02
     20     49 3.10645E-02
     20     50 3.85468E-02
     20     51 4.91759E-02
     20     52 5.42574E-02
     20     53 4.77543E-02
     20     54 3.46169E-02
     20     55 2.33335E-02
     20     56 1.70295E-02
     20     57 1.92857E-02
     20     58 2.22298E-02
     20     59 2.61960E-02
     20     60 2.77679E-02
     20     61 2.50711E-02
     20     62 1.96866E-02
     20     63 1.46081E-02
     20     64 1.15722E-02
     21      1 6.82509E-02
     21      2 1.16512E-01
     21      3 2.28638E-01
     21      4 4.04988E-01
     21      5 5.17047E-01
     21      6 4.12734E-01
     21      7 2.47670E-01
     21      8 1.56150E-01
     21      9 7.31158E-02
     21     10 1.36943E-01
     21     11 3.25831E-01
     21     12 8.62992E-01
     21     13 1.62465E+00
     21     14 8.73635E-01
     21     15 3.47231E-01
     21     16 1.81345E-01
     21     17 7.36246E-02
     21     18 1.47127E-01
     21     19 3.98505E-01
     21     20 1.58675E+00
     21     21 5.43411E+00
     21     22 1.60303E+00
     21     23 4.20081E-01
     21     24 1.92384E-01
     21     25 6.28821E-02
     21     26 1.21736E-01
     21     27 3.03006E-01
     21     28 8.33445E-01
     21     29 1.58873E+00
     21     30 8.40887E-01
     21     31 3.19635E-01
     21     32 1.60186E-01
     21     33 4.47731E-02
     21     34 7.81070E-02
     21     35 1.60833E-01
     21     36 2.99883E-01
     21     37 3.89206E-01
     21     38 3.03035E-01
     21     39 1.72950E-01
     21     40 1.04821E-01
     21     41 2.78626E-02
     21     42 4.31554E-02
     21     43 7.48929E-02
     21     44 1.15659E-01
     21     45 1.35901E-01
     21     46 1.17095E-01
     21     47 8.23521E-02
     21     48 5.88766E-02
     21     49 1.66286E-02
     21     50 2.29364E-02
     21     51 3.48023E-02
     21     52 4.79603E-02
     21     53 5.37729E-02
     21     54 4.87618E-02
     21     55 3.90934E-02
     21     56 3.16192E-02
     21     57 1.12383E-02
     21     58 1.43397E-02
     21     59 1.97578E-02
     21     60 2.51626E-02
     21     61 2.75945E-02
     21     62 2.60841E-02
     21     63 2.26270E-02
     21     64 1.97704E-02
     22      1 2.97220E-02
     22      2 5.25585E-02
     22      3 1.10930E-01
     22      4 2.29489E-01
     22      5 4.13192E-01
     22      6 5.36624E-01
     22      7 4.53709E-01
     22      8 3.31301E-01
     22      9 3.04101E-02
     22     10 5.63019E-02
     22     11 1.30497E-01
     22     12 3.28113E-01
     22     13 8.75205E-01
     22     14 1.64560E+00
     22     15 9.19857E-01
     22     16 4.51792E-01
     22     17 2.95630E-02
     22     18 5.67373E-02
     22     19 1.40368E-01
     22     20 4.00296E-01
     22     21 1.60303E+00
     22     22 5.44568E+00
     22     23 1.64810E+00
     22     24 5.34904E-01
     22     25 2.55473E-02
     22     26 4.83760E-02
     22     27 1.16157E-01
     22     28 3.02307E-01
     22     29 8.35924E-01
     22     30 1.60028E+00
     22     31 8.75993E-01
     22     32 4.14031E-01
     22     33 1.92177E-02
     22     34 3.41553E-02
     22     35 7.41729E-02
     22     36 1.60396E-01
     22     37 3.00662E-01
     22     38 3.98722E-01
     22     39 3.30077E-01
     22     40 2.31034E-01
     22     41 1.29844E-02
     22     42 2.12064E-02
     22     43 4.07610E-02
     22     44 7.52029E-02
     22     45 1.16938E-01
     22     46 1.41521E-01
     22     47 1.32857E-01
     22     48 1.11980E-01
     22     49 8.50449E-03
     22     50 1.26109E-02
     22     51 2.15449E-02
     22     52 3.50967E-02
     22     53 4.90872E-02
     22     54 5.71699E-02
     22     55 5.73620E-02
     22     56 5.33429E-02
     22     57 6.19245E-03
     22     58 8.56611E-03
     22     59 1.33548E-02
     22     60 1.98573E-02
     22     61 2.62045E-02
     22     62 3.01790E-02
     22     63 3.12646E-02
     22     64 3.05630E-02
     23      1 1.33980E-02
     23      2 2.41426E-02
     23      3 5.28499E-02
     23      4 1.17150E-01
     23      5 2.46497E-01
     23      6 4.53768E-01
     23      7 6.22857E-01
     23      8 6.24024E-01
     23      9 1.33653E-02
     23     10 2.46099E-02
     23     11 5.63780E-02
     23     12 1.37724E-01
     23     13 3.46266E-01
     23     14 9.20797E-01
     23     15 1.75498E+00
     23     16 1.18771E+00
     23     17 1.27309E-02
     23     18 2.38989E-02
     23     19 5.67501E-02
     23     20 1.47662E-01
     23     21 4.20081E-01
     23     22 1.64810E+00
     23     23 5.56447E+00
     23     24 1.98974E+00
     23     25 1.10926E-02
     23     26 2.06786E-02
     23     27 4.84947E-02
     23     28 1.21552E-01
     23     29 3.17020E-01
     23     30 8.71579E-01
     23     31 1.69585E+00
     23     32 1.12838E+00
     23     33 8.68547E-03
     23     34 1.55297E-02
     23     35 3.43841E-02
     23     36 7.83639E-02
     23     37 1.70254E-01
     23     38 3.26657E-01
     23     39 4.60648E-01
     23     40 4.54627E-01
     23     41 6.26777E-03
     23     42 1.05531E-02
     23     43 2.14542E-02
     23     44 4.37093E-02
     23     45 8.14383E-02
     23     46 1.31453E-01
     23     47 1.72917E-01
     23     48 1.84622E-01
     23     49 4.44310E-03
     23     50 6.92593E-03
     23     51 1.28123E-02
     23     52 2.34420E-02
     23     53 3.89487E-02
     23     54 5.68044E-02
     23     55 7.20150E-02
     23     56 7.84384E-02
     23     57 3.44711E-03
     23     58 5.07888E-03
     23     59 8.70681E-03
     23     60 1.46410E-02
     23     61 2.26039E-02
     23     62 3.11404E-02
     23     63 3.81879E-02
     23     64 4.15939E-02
     24      1 7.45745E-03
     24      2 1.35793E-02
     24      3 3.03101E-02
     24      4 6.95033E-02
     24      5 1.56247E-01
     24      6 3.33484E-01
     24      7 6.28159E-01
     24      8 9.12061E-01
     24      9 7.33317E-03
