      1      1 7.63825E+00
      1      2 2.06999E+00
      1      3 4.94887E-01
      1      4 1.58934E-01
      1      5 5.55741E-02
      1      6 2.02623E-02
      1      7 7.81138E-03
      1      8 3.81379E-03
      1      9 2.07011E+00
      1     10 9.34840E-01
      1     11 3.25658E-01
      1     12 1.19276E-01
      1     13 4.46569E-02
      1     14 1.69784E-02
      1     15 6.74635E-03
      1     16 3.36715E-03
      1     17 4.95221E-01
      1     18 3.25708E-01
      1     19 1.61699E-01
      1     20 7.10119E-02
      1     21 2.96228E-02
      1     22 1.21076E-02
      1     23 5.07932E-03
      1     24 2.64234E-03
      1     25 1.58890E-01
      1     26 1.19238E-01
      1     27 7.10317E-02
      1     28 3.63250E-02
      1     29 1.69637E-02
      1     30 7.55025E-03
      1     31 3.39562E-03
      1     32 1.86286E-03
      1     33 5.55647E-02
      1     34 4.46222E-02
      1     35 2.96191E-02
      1     36 1.69619E-02
      1     37 8.76229E-03
      1     38 4.25140E-03
      1     39 2.06115E-03
      1     40 1.20247E-03
      1     41 2.02536E-02
      1     42 1.69659E-02
      1     43 1.21052E-02
      1     44 7.55109E-03
      1     45 4.25190E-03
      1     46 2.23813E-03
      1     47 1.17260E-03
      1     48 7.29845E-04
      1     49 7.80992E-03
      1     50 6.74440E-03
      1     51 5.07831E-03
      1     52 3.39553E-03
      1     53 2.06142E-03
      1     54 1.17309E-03
      1     55 6.64918E-04
      1     56 4.41658E-04
      1     57 3.80880E-03
      1     58 3.36367E-03
      1     59 2.63939E-03
      1     60 1.86217E-03
      1     61 1.20211E-03
      1     62 7.29417E-04
      1     63 4.41423E-04
      1     64 3.09151E-04
      2      1 2.06999E+00
      2      2 6.06542E+00
      2      3 1.73292E+00
      2      4 3.91413E-01
      2      5 1.23524E-01
      2      6 4.31273E-02
      2      7 1.62428E-02
      2      8 7.81435E-03
      2      9 9.34178E-01
      2     10 1.46154E+00
      2     11 7.27575E-01
      2     12 2.51083E-01
      2     13 9.15848E-02
      2     14 3.44169E-02
      2     15 1.35833E-02
      2     16 6.74646E-03
      2     17 3.25749E-01
      2     18 3.31296E-01
      2     19 2.35002E-01
      2     20 1.20247E-01
      2     21 5.34961E-02
      2     22 2.25932E-02
      2     23 9.65946E-03
      2     24 5.08119E-03
      2     25 1.19182E-01
      2     26 1.10735E-01
      2     27 8.45610E-02
      2     28 5.16565E-02
      2     29 2.68998E-02
      2     30 1.28030E-02
      2     31 6.01575E-03
      2     32 3.39415E-03
      2     33 4.46152E-02
      2     34 4.05477E-02
      2     35 3.19862E-02
      2     36 2.14110E-02
      2     37 1.24478E-02
      2     38 6.57225E-03
      2     39 3.38897E-03
      2     40 2.06123E-03
      2     41 1.69642E-02
      2     42 1.53856E-02
      2     43 1.24181E-02
      2     44 8.80238E-03
      2     45 5.53718E-03
      2     46 3.18642E-03
      2     47 1.79280E-03
      2     48 1.17314E-03
      2     49 6.74198E-03
      2     50 6.14480E-03
      2     51 5.05997E-03
      2     52 3.74490E-03
      2     53 2.50549E-03
      2     54 1.55389E-03
      2     55 9.48823E-04
      2     56 6.64981E-04
      2     57 3.36262E-03
      2     58 3.08465E-03
      2     59 2.58631E-03
      2     60 1.97848E-03
      2     61 1.38933E-03
      2     62 9.14302E-04
      2     63 5.96502E-04
      2     64 4.41535E-04
      3      1 4.94887E-01
      3      2 1.73292E+00
      3      3 5.96181E+00
      3      4 1.69827E+00
      3      5 3.78773E-01
      3      6 1.19588E-01
      3      7 4.31064E-02
      3      8 2.02605E-02
      3      9 3.25708E-01
      3     10 7.28269E-01
      3     11 1.38686E+00
      3     12 7.00279E-01
      3     13 2.40841E-01
      3     14 8.82077E-02
      3     15 3.43997E-02
      3     16 1.69714E-02
      3     17 1.61746E-01
      3     18 2.35094E-01
      3     19 2.89852E-01
      3     20 2.17415E-01
      3     21 1.13239E-01
      3     22 5.10670E-02
      3     23 2.25836E-02
      3     24 1.21073E-02
      3     25 7.09971E-02
      3     26 8.45630E-02
      3     27 9.13830E-02
      3     28 7.51318E-02
      3     29 4.74771E-02
      3     30 2.53646E-02
      3     31 1.28037E-02
      3     32 7.54726E-03
      3     33 2.96093E-02
      3     34 3.19785E-02
      3     35 3.23646E-02
      3     36 2.74617E-02
      3     37 1.92195E-02
      3     38 1.15874E-02
      3     39 6.56865E-03
      3     40 4.24910E-03
      3     41 1.21020E-02
      3     42 1.24145E-02
      3     43 1.20917E-02
      3     44 1.04010E-02
      3     45 7.73737E-03
      3     46 5.09229E-03
      3     47 3.18401E-03
      3     48 2.23744E-03
      3     49 5.07762E-03
      3     50 5.06068E-03
      3     51 4.81137E-03
      3     52 4.17125E-03
      3     53 3.23584E-03
      3     54 2.28220E-03
      3     55 1.55289E-03
      3     56 1.17245E-03
      3     57 2.63891E-03
      3     58 2.58654E-03
      3     59 2.42440E-03
      3     60 2.11301E-03
      3     61 1.69079E-03
      3     62 1.25683E-03
      3     63 9.13704E-04
      3     64 7.29157E-04
      4      1 1.58934E-01
      4      2 3.91413E-01
      4      3 1.69827E+00
      4      4 5.94756E+00
      4      5 1.69438E+00
      4      6 3.79160E-01
      4      7 1.23532E-01
      4      8 5.55938E-02
      4      9 1.19256E-01
      4     10 2.51093E-01
      4     11 7.01021E-01
      4     12 1.37685E+00
      4     13 6.96998E-01
      4     14 2.40870E-01
      4     15 9.15364E-02
      4     16 4.46433E-02
      4     17 7.10208E-02
      4     18 1.20290E-01
      4     19 2.17612E-01
      4     20 2.82804E-01
      4     21 2.15062E-01
      4     22 1.13291E-01
      4     23 5.34866E-02
      4     24 2.96289E-02
      4     25 3.63076E-02
      4     26 5.16615E-02
      4     27 7.51383E-02
      4     28 8.72225E-02
      4     29 7.35661E-02
      4     30 4.74889E-02
      4     31 2.69038E-02
      4     32 1.69565E-02
      4     33 1.69586E-02
      4     34 2.14109E-02
      4     35 2.74723E-02
      4     36 3.01564E-02
      4     37 2.66032E-02
      4     38 1.92192E-02
      4     39 1.24425E-02
      4     40 8.75900E-03
      4     41 7.54970E-03
      4     42 8.80051E-03
      4     43 1.04031E-02
      4     44 1.10213E-02
      4     45 9.95668E-03
      4     46 7.73513E-03
      4     47 5.53267E-03
      4     48 4.25067E-03
      4     49 3.39421E-03
      4     50 3.74463E-03
      4     51 4.17090E-03
      4     52 4.30280E-03
      4     53 3.94596E-03
      4     54 3.23589E-03
      4     55 2.50440E-03
      4     56 2.06084E-03
      4     57 1.86191E-03
      4     58 1.97872E-03
      4     59 2.11315E-03
      4     60 2.13571E-03
      4     61 1.98043E-03
      4     62 1.69072E-03
      4     63 1.38843E-03
      4     64 1.20172E-03
      5      1 5.55741E-02
      5      2 1.23524E-01
      5      3 3.78773E-01
      5      4 1.69438E+00
      5      5 5.94829E+00
      5      6 1.69855E+00
      5      7 3.91421E-01
      5      8 1.58993E-01
      5      9 4.46363E-02
      5     10 9.15696E-02
      5     11 2.40776E-01
      5     12 6.97009E-01
      5     13 1.37665E+00
      5     14 7.00666E-01
      5     15 2.50957E-01
      5     16 1.19268E-01
      5     17 2.96119E-02
      5     18 5.34873E-02
      5     19 1.13268E-01
      5     20 2.15035E-01
      5     21 2.82824E-01
      5     22 2.17655E-01
      5     23 1.20284E-01
      5     24 7.10577E-02
      5     25 1.69554E-02
      5     26 2.69073E-02
      5     27 4.74933E-02
      5     28 7.36148E-02
      5     29 8.71950E-02
      5     30 7.51428E-02
      5     31 5.16678E-02
      5     32 3.63130E-02
      5     33 8.76013E-03
      5     34 1.24476E-02
      5     35 1.92247E-02
      5     36 2.65971E-02
      5     37 3.01664E-02
      5     38 2.74649E-02
      5     39 2.14055E-02
      5     40 1.69582E-02
      5     41 4.25018E-03
      5     42 5.53509E-03
      5     43 7.73800E-03
      5     44 9.95488E-03
      5     45 1.10223E-02
      5     46 1.03981E-02
      5     47 8.79714E-03
      5     48 7.55053E-03
      5     49 2.06099E-03
      5     50 2.50586E-03
      5     51 3.23644E-03
      5     52 3.94688E-03
      5     53 4.30158E-03
      5     54 4.16990E-03
      5     55 3.74255E-03
      5     56 3.39388E-03
      5     57 1.20174E-03
      5     58 1.38922E-03
      5     59 1.69060E-03
      5     60 1.98001E-03
      5     61 2.13594E-03
      5     62 2.11319E-03
      5     63 1.97756E-03
      5     64 1.86182E-03
      6      1 2.02623E-02
      6      2 4.31273E-02
      6      3 1.19588E-01
      6      4 3.79160E-01
      6      5 1.69855E+00
      6      6 5.96006E+00
      6      7 1.73363E+00
      6      8 4.95175E-01
      6      9 1.69750E-02
      6     10 3.44243E-02
      6     11 8.82039E-02
      6     12 2.40826E-01
      6     13 7.00681E-01
      6     14 1.38707E+00
      6     15 7.27602E-01
      6     16 3.25696E-01
      6     17 1.21044E-02
      6     18 2.25922E-02
      6     19 5.10804E-02
      6     20 1.13251E-01
      6     21 2.17436E-01
      6     22 2.90002E-01
      6     23 2.35024E-01
      6     24 1.61771E-01
      6     25 7.54912E-03
      6     26 1.28099E-02
      6     27 2.53718E-02
      6     28 4.75086E-02
      6     29 7.51139E-02
      6     30 9.13706E-02
      6     31 8.45737E-02
      6     32 7.09964E-02
      6     33 4.25051E-03
      6     34 6.57240E-03
      6     35 1.15901E-02
      6     36 1.92133E-02
      6     37 2.74625E-02
      6     38 3.23462E-02
      6     39 3.19670E-02
      6     40 2.96062E-02
      6     41 2.23723E-03
      6     42 3.18538E-03
      6     43 5.09282E-03
      6     44 7.73363E-03
      6     45 1.03975E-02
      6     46 1.20812E-02
      6     47 1.24071E-02
      6     48 1.21005E-02
      6     49 1.17246E-03
      6     50 1.55365E-03
      6     51 2.28195E-03
      6     52 3.23563E-03
      6     53 4.16860E-03
      6     54 4.80870E-03
      6     55 5.05675E-03
      6     56 5.07569E-03
      6     57 7.29050E-04
      6     58 9.14033E-04
      6     59 1.25641E-03
      6     60 1.68985E-03
      6     61 2.11242E-03
      6     62 2.42368E-03
      6     63 2.58438E-03
      6     64 2.63806E-03
      7      1 7.81138E-03
      7      2 1.62428E-02
      7      3 4.31064E-02
      7      4 1.23532E-01
      7      5 3.91421E-01
      7      6 1.73363E+00
      7      7 6.06417E+00
      7      8 2.07036E+00
      7      9 6.74457E-03
      7     10 1.35861E-02
      7     11 3.43971E-02
      7     12 9.15235E-02
      7     13 2.51028E-01
      7     14 7.28178E-01
      7     15 1.46113E+00
      7     16 9.34561E-01
      7     17 5.07761E-03
      7     18 9.65893E-03
      7     19 2.25895E-02
      7     20 5.34785E-02
      7     21 1.20216E-01
      7     22 2.35108E-01
      7     23 3.31131E-01
      7     24 3.25802E-01
      7     25 3.39343E-03
      7     26 6.01604E-03
      7     27 1.28004E-02
      7     28 2.69010E-02
      7     29 5.16312E-02
      7     30 8.45206E-02
      7     31 1.10732E-01
      7     32 1.19182E-01
      7     33 2.06086E-03
      7     34 3.38927E-03
      7     35 6.57018E-03
      7     36 1.24382E-02
      7     37 2.14015E-02
      7     38 3.19610E-02
      7     39 4.05326E-02
      7     40 4.46140E-02
      7     41 1.17232E-03
      7     42 1.79258E-03
      7     43 3.18474E-03
      7     44 5.53177E-03
      7     45 8.79556E-03
      7     46 1.24047E-02
      7     47 1.53754E-02
      7     48 1.69609E-02
      7     49 6.64587E-04
      7     50 9.48767E-04
      7     51 1.55282E-03
      7     52 2.50425E-03
      7     53 3.74124E-03
      7     54 5.05633E-03
      7     55 6.13953E-03
      7     56 6.73846E-03
      7     57 4.41186E-04
      7     58 5.96359E-04
      7     59 9.13541E-04
      7     60 1.38799E-03
      7     61 1.97726E-03
      7     62 2.58505E-03
      7     63 3.08178E-03
      7     64 3.36113E-03
      8      1 3.81379E-03
      8      2 7.81435E-03
      8      3 2.02605E-02
      8      4 5.55938E-02
      8      5 1.58993E-01
      8      6 4.95175E-01
      8      7 2.07036E+00
      8      8 7.63377E+00
      8      9 3.36749E-03
      8     10 6.75036E-03
      8     11 1.69758E-02
      8     12 4.46521E-02
      8     13 1.19344E-01
      8     14 3.26063E-01
      8     15 9.35933E-01
      8     16 2.07146E+00
      8     17 2.64158E-03
      8     18 5.08134E-03
      8     19 1.21112E-02
      8     20 2.96285E-02
      8     21 7.10522E-02
      8     22 1.61893E-01
      8     23 3.26005E-01
      8     24 4.95343E-01
      8     25 1.86326E-03
      8     26 3.39733E-03
      8     27 7.55221E-03
      8     28 1.69715E-02
      8     29 3.63354E-02
      8     30 7.10420E-02
      8     31 1.19319E-01
      8     32 1.58937E-01
      8     33 1.20275E-03
      8     34 2.06226E-03
      8     35 4.25199E-03
      8     36 8.76029E-03
      8     37 1.69639E-02
      8     38 2.96150E-02
      8     39 4.46304E-02
      8     40 5.55797E-02
      8     41 7.29606E-04
      8     42 1.17296E-03
      8     43 2.23786E-03
      8     44 4.24998E-03
      8     45 7.54927E-03
      8     46 1.20989E-02
      8     47 1.69620E-02
      8     48 2.02543E-02
      8     49 4.41566E-04
      8     50 6.65173E-04
      8     51 1.17279E-03
      8     52 2.06146E-03
      8     53 3.39395E-03
      8     54 5.07727E-03
      8     55 6.74120E-03
      8     56 7.80757E-03
      8     57 3.09014E-04
      8     58 4.41491E-04
      8     59 7.29159E-04
      8     60 1.20155E-03
      8     61 1.86187E-03
      8     62 2.63927E-03
      8     63 3.36182E-03
      8     64 3.80815E-03
      9      1 2.07011E+00
      9      2 9.34178E-01
      9      3 3.25708E-01
      9      4 1.19256E-01
      9      5 4.46363E-02
      9      6 1.69750E-02
      9      7 6.74457E-03
      9      8 3.36749E-03
      9      9 6.06148E+00
      9     10 1.46123E+00
      9     11 3.31323E-01
      9     12 1.10759E-01
      9     13 4.05816E-02
      9     14 1.53996E-02
      9     15 6.14785E-03
      9     16 3.08835E-03
      9     17 1.73585E+00
      9     18 7.28104E-01
      9     19 2.35023E-01
      9     20 8.45654E-02
      9     21 3.19964E-02
      9     22 1.24228E-02
      9     23 5.06180E-03
      9     24 2.58970E-03
      9     25 3.91578E-01
      9     26 2.51076E-01
      9     27 1.20339E-01
      9     28 5.16705E-02
      9     29 2.14216E-02
      9     30 8.80370E-03
      9     31 3.74581E-03
      9     32 1.97973E-03
      9     33 1.23607E-01
      9     34 9.15655E-02
      9     35 5.35203E-02
      9     36 2.69110E-02
      9     37 1.24524E-02
      9     38 5.53860E-03
      9     39 2.50590E-03
      9     40 1.39021E-03
      9     41 4.31404E-02
      9     42 3.44144E-02
      9     43 2.26020E-02
      9     44 1.28110E-02
      9     45 6.57620E-03
      9     46 3.18809E-03
      9     47 1.55391E-03
      9     48 9.15222E-04
      9     49 1.62516E-02
      9     50 1.35890E-02
      9     51 9.66343E-03
      9     52 6.01890E-03
      9     53 3.39112E-03
      9     54 1.79449E-03
      9     55 9.49257E-04
      9     56 5.97117E-04
      9     57 7.80950E-03
      9     58 6.74406E-03
      9     59 5.07878E-03
      9     60 3.39500E-03
      9     61 2.06184E-03
      9     62 1.17312E-03
      9     63 6.65001E-04
      9     64 4.41792E-04
     10      1 9.34840E-01
     10      2 1.46154E+00
     10      3 7.28269E-01
     10      4 2.51093E-01
     10      5 9.15696E-02
     10      6 3.44243E-02
     10      7 1.35861E-02
     10      8 6.75036E-03
     10      9 1.46123E+00
     10     10 4.92846E+00
     10     11 1.24198E+00
     10     12 2.61239E-01
     10     13 8.56269E-02
     10     14 3.13420E-02
     10     15 1.23327E-02
     10     16 6.15095E-03
     10     17 7.28754E-01
     10     18 1.24186E+00
     10     19 5.77664E-01
     10     20 1.82590E-01
     10     21 6.50324E-02
     10     22 2.46465E-02
     10     23 9.94429E-03
     10     24 5.06624E-03
     10     25 2.51072E-01
     10     26 2.61093E-01
     10     27 1.82564E-01
     10     28 9.00988E-02
     10     29 3.90673E-02
     10     30 1.63640E-02
     10     31 7.03883E-03
     10     32 3.74628E-03
     10     33 9.15768E-02
     10     34 8.55820E-02
     10     35 6.50318E-02
     10     36 3.90629E-02
     10     37 2.00022E-02
     10     38 9.42572E-03
     10     39 4.42014E-03
     10     40 2.50748E-03
     10     41 3.44214E-02
     10     42 3.13272E-02
     10     43 2.46466E-02
     10     44 1.63676E-02
     10     45 9.42723E-03
     10     46 4.94507E-03
     10     47 2.54708E-03
     10     48 1.55553E-03
     10     49 1.35882E-02
     10     50 1.23325E-02
     10     51 9.94493E-03
     10     52 7.03994E-03
     10     53 4.42122E-03
     10     54 2.54830E-03
     10     55 1.44155E-03
     10     56 9.49897E-04
     10     57 6.74411E-03
     10     58 6.14660E-03
     10     59 5.06189E-03
     10     60 3.74558E-03
     10     61 2.50708E-03
     10     62 1.55474E-03
     10     63 9.49415E-04
     10     64 6.65539E-04
     11      1 3.25658E-01
     11      2 7.27575E-01
     11      3 1.38686E+00
     11      4 7.01021E-01
     11      5 2.40776E-01
     11      6 8.82039E-02
     11      7 3.43971E-02
     11      8 1.69758E-02
     11      9 3.31323E-01
     11     10 1.24198E+00
     11     11 4.85863E+00
     11     12 1.21697E+00
     11     13 2.51905E-01
     11     14 8.25476E-02
     11     15 3.13170E-02
     11     16 1.53958E-02
     11     17 2.35114E-01
     11     18 5.77902E-01
     11     19 1.18890E+00
     11     20 5.58208E-01
     11     21 1.75102E-01
     11     22 6.25307E-02
     11     23 2.46240E-02
     11     24 1.24236E-02
     11     25 1.20281E-01
     11     26 1.82481E-01
     11     27 2.30809E-01
     11     28 1.69835E-01
     11     29 8.49727E-02
     11     30 3.72760E-02
     11     31 1.63560E-02
     11     32 8.80101E-03
     11     33 5.35047E-02
     11     34 6.49933E-02
     11     35 7.11402E-02
     11     36 5.80697E-02
     11     37 3.60144E-02
     11     38 1.88788E-02
     11     39 9.41613E-03
     11     40 5.53634E-03
     11     41 2.25975E-02
     11     42 2.46313E-02
     11     43 2.50957E-02
     11     44 2.12457E-02
     11     45 1.47300E-02
     11     46 8.78323E-03
     11     47 4.93933E-03
     11     48 3.18769E-03
     11     49 9.66267E-03
     11     50 9.94342E-03
     11     51 9.70309E-03
     11     52 8.34536E-03
     11     53 6.19117E-03
     11     54 4.06817E-03
     11     55 2.54587E-03
     11     56 1.79390E-03
     11     57 5.07819E-03
     11     58 5.06095E-03
     11     59 4.81166E-03
     11     60 4.17080E-03
     11     61 3.23703E-03
     11     62 2.28293E-03
     11     63 1.55333E-03
     11     64 1.17301E-03
     12      1 1.19276E-01
     12      2 2.51083E-01
     12      3 7.00279E-01
     12      4 1.37685E+00
     12      5 6.97009E-01
     12      6 2.40826E-01
     12      7 9.15235E-02
     12      8 4.46521E-02
     12      9 1.10759E-01
     12     10 2.61239E-01
     12     11 1.21697E+00
     12     12 4.84966E+00
     12     13 1.21309E+00
     12     14 2.51960E-01
     12     15 8.55643E-02
     12     16 4.05791E-02
     12     17 8.45423E-02
     12     18 1.82417E-01
     12     19 5.58484E-01
     12     20 1.18163E+00
     12     21 5.55571E-01
     12     22 1.75157E-01
     12     23 6.49815E-02
     12     24 3.20068E-02
     12     25 5.16393E-02
     12     26 9.00534E-02
     12     27 1.69850E-01
     12     28 2.25860E-01
     12     29 1.68093E-01
     12     30 8.50042E-02
     12     31 3.90521E-02
     12     32 2.14153E-02
     12     33 2.69042E-02
     12     34 3.90459E-02
     12     35 5.80987E-02
     12     36 6.80914E-02
     12     37 5.69893E-02
     12     38 3.60310E-02
     12     39 1.99908E-02
     12     40 1.24518E-02
     12     41 1.28086E-02
     12     42 1.63582E-02
     12     43 2.12529E-02
     12     44 2.34603E-02
     12     45 2.06151E-02
     12     46 1.47327E-02
     12     47 9.41931E-03
     12     48 6.57734E-03
     12     49 6.01684E-03
     12     50 7.03769E-03
     12     51 8.34630E-03
     12     52 8.86017E-03
     12     53 7.99288E-03
     12     54 6.19403E-03
     12     55 4.41962E-03
     12     56 3.39191E-03
     12     57 3.39494E-03
     12     58 3.74533E-03
     12     59 4.17187E-03
     12     60 4.30351E-03
     12     61 3.94870E-03
     12     62 3.23816E-03
     12     63 2.50573E-03
     12     64 2.06230E-03
     13      1 4.46569E-02
     13      2 9.15848E-02
     13      3 2.40841E-01
     13      4 6.96998E-01
     13      5 1.37665E+00
     13      6 7.00681E-01
     13      7 2.51028E-01
     13      8 1.19344E-01
     13      9 4.05816E-02
     13     10 8.56269E-02
     13     11 2.51905E-01
     13     12 1.21309E+00
     13     13 4.84954E+00
     13     14 1.21553E+00
     13     15 2.61115E-01
     13     16 1.10842E-01
     13     17 3.19937E-02
     13     18 6.50065E-02
     13     19 1.75305E-01
     13     20 5.56035E-01
     13     21 1.18180E+00
     13     22 5.58196E-01
     13     23 1.82489E-01
     13     24 8.46599E-02
     13     25 2.14190E-02
     13     26 3.90736E-02
     13     27 8.50382E-02
     13     28 1.68300E-01
     13     29 2.25849E-01
     13     30 1.69982E-01
     13     31 9.01090E-02
     13     32 5.16815E-02
     13     33 1.24559E-02
     13     34 2.00033E-02
     13     35 3.60403E-02
     13     36 5.69772E-02
     13     37 6.81389E-02
     13     38 5.81109E-02
     13     39 3.90533E-02
     13     40 2.69174E-02
     13     41 6.57688E-03
     13     42 9.42407E-03
     13     43 1.47368E-02
     13     44 2.06108E-02
     13     45 2.34681E-02
     13     46 2.12504E-02
     13     47 1.63589E-02
     13     48 1.28170E-02
     13     49 3.39222E-03
     13     50 4.42238E-03
     13     51 6.19497E-03
     13     52 7.99508E-03
     13     53 8.85934E-03
     13     54 8.34664E-03
     13     55 7.03641E-03
     13     56 6.01926E-03
     13     57 2.06235E-03
     13     58 2.50721E-03
     13     59 3.23798E-03
     13     60 3.94810E-03
     13     61 4.30475E-03
     13     62 4.17308E-03
     13     63 3.74439E-03
     13     64 3.39622E-03
     14      1 1.69784E-02
     14      2 3.44169E-02
     14      3 8.82077E-02
     14      4 2.40870E-01
     14      5 7.00666E-01
     14      6 1.38707E+00
     14      7 7.28178E-01
     14      8 3.26063E-01
     14      9 1.53996E-02
     14     10 3.13420E-02
     14     11 8.25476E-02
     14     12 2.51960E-01
     14     13 1.21553E+00
     14     14 4.85962E+00
     14     15 1.24009E+00
     14     16 3.31518E-01
     14     17 1.24225E-02
     14     18 2.46409E-02
     14     19 6.25797E-02
     14     20 1.75206E-01
     14     21 5.58170E-01
     14     22 1.18918E+00
     14     23 5.77280E-01
     14     24 2.35338E-01
     14     25 8.80556E-03
     14     26 1.63708E-02
     14     27 3.73027E-02
     14     28 8.50852E-02
     14     29 1.69968E-01
     14     30 2.31106E-01
     14     31 1.82688E-01
     14     32 1.20370E-01
     14     33 5.53980E-03
     14     34 9.42526E-03
     14     35 1.88898E-02
     14     36 3.60244E-02
     14     37 5.81191E-02
     14     38 7.11551E-02
     14     39 6.50150E-02
     14     40 5.35295E-02
     14     41 3.18814E-03
     14     42 4.94316E-03
     14     43 8.78692E-03
     14     44 1.47301E-02
     14     45 2.12519E-02
     14     46 2.50897E-02
     14     47 2.46321E-02
     14     48 2.26086E-02
     14     49 1.79442E-03
     14     50 2.54804E-03
     14     51 4.06930E-03
     14     52 6.19398E-03
     14     53 8.34500E-03
     14     54 9.70334E-03
     14     55 9.94167E-03
     14     56 9.66521E-03
     14     57 1.17318E-03
     14     58 1.55444E-03
     14     59 2.28313E-03
     14     60 3.23684E-03
     14     61 4.17198E-03
     14     62 4.81308E-03
     14     63 5.05968E-03
     14     64 5.07966E-03
     15      1 6.74635E-03
     15      2 1.35833E-02
     15      3 3.43997E-02
     15      4 9.15364E-02
     15      5 2.50957E-01
     15      6 7.27602E-01
     15      7 1.46113E+00
     15      8 9.35933E-01
     15      9 6.14785E-03
     15     10 1.23327E-02
     15     11 3.13170E-02
     15     12 8.55643E-02
     15     13 2.61115E-01
     15     14 1.24009E+00
     15     15 4.92896E+00
     15     16 1.46287E+00
     15     17 5.06193E-03
     15     18 9.94306E-03
     15     19 2.46411E-02
     15     20 6.50068E-02
     15     21 1.82558E-01
     15     22 5.78526E-01
     15     23 1.24081E+00
     15     24 7.29072E-01
     15     25 3.74517E-03
     15     26 7.03909E-03
     15     27 1.63606E-02
     15     28 3.90699E-02
     15     29 9.01049E-02
     15     30 1.82585E-01
     15     31 2.61233E-01
     15     32 2.51127E-01
     15     33 2.50687E-03
     15     34 4.42061E-03
     15     35 9.42296E-03
     15     36 1.99907E-02
     15     37 3.90568E-02
     15     38 6.50017E-02
     15     39 8.55755E-02
     15     40 9.15954E-02
     15     41 1.55430E-03
     15     42 2.54680E-03
     15     43 4.94250E-03
     15     44 9.41954E-03
     15     45 1.63584E-02
     15     46 2.46258E-02
     15     47 3.13142E-02
     15     48 3.44227E-02
     15     49 9.49299E-04
     15     50 1.44154E-03
     15     51 2.54675E-03
     15     52 4.41991E-03
     15     53 7.03469E-03
     15     54 9.94021E-03
     15     55 1.23250E-02
     15     56 1.35846E-02
     15     57 6.64993E-04
     15     58 9.49228E-04
     15     59 1.55365E-03
     15     60 2.50514E-03
     15     61 3.74410E-03
     15     62 5.06069E-03
     15     63 6.14243E-03
     15     64 6.74280E-03
     16      1 3.36715E-03
     16      2 6.74646E-03
     16      3 1.69714E-02
     16      4 4.46433E-02
     16      5 1.19268E-01
     16      6 3.25696E-01
     16      7 9.34561E-01
     16      8 2.07146E+00
     16      9 3.08835E-03
     16     10 6.15095E-03
     16     11 1.53958E-02
     16     12 4.05791E-02
     16     13 1.10842E-01
     16     14 3.31518E-01
     16     15 1.46287E+00
     16     16 6.05808E+00
     16     17 2.58885E-03
     16     18 5.06385E-03
     16     19 1.24263E-02
     16     20 3.20041E-02
     16     21 8.46395E-02
     16     22 2.35390E-01
     16     23 7.28962E-01
     16     24 1.73400E+00
     16     25 1.98016E-03
     16     26 3.74782E-03
     16     27 8.80644E-03
     16     28 2.14321E-02
     16     29 5.17077E-02
     16     30 1.20393E-01
     16     31 2.51322E-01
     16     32 3.91514E-01
     16     33 1.39053E-03
     16     34 2.50741E-03
     16     35 5.53980E-03
     16     36 1.24519E-02
     16     37 2.69202E-02
     16     38 5.35239E-02
     16     39 9.15925E-02
     16     40 1.23619E-01
     16     41 9.14892E-04
     16     42 1.55447E-03
     16     43 3.18787E-03
     16     44 6.57431E-03
     16     45 1.28099E-02
     16     46 2.25930E-02
     16     47 3.44076E-02
     16     48 4.31372E-02
     16     49 5.96992E-04
     16     50 9.49690E-04
     16     51 1.79416E-03
     16     52 3.39166E-03
     16     53 6.01680E-03
     16     54 9.66237E-03
     16     55 1.35826E-02
     16     56 1.62453E-02
     16     57 4.41586E-04
     16     58 6.65121E-04
     16     59 1.17283E-03
     16     60 2.06111E-03
     16     61 3.39470E-03
     16     62 5.07879E-03
     16     63 6.74039E-03
     16     64 7.80775E-03
     17      1 4.95221E-01
     17      2 3.25749E-01
     17      3 1.61746E-01
     17      4 7.10208E-02
     17      5 2.96119E-02
     17      6 1.21044E-02
     17      7 5.07761E-03
     17      8 2.64158E-03
     17      9 1.73585E+00
     17     10 7.28754E-01
     17     11 2.35114E-01
     17     12 8.45423E-02
     17     13 3.19937E-02
     17     14 1.24225E-02
     17     15 5.06193E-03
     17     16 2.58885E-03
     17     17 5.95695E+00
     17     18 1.38659E+00
     17     19 2.89772E-01
     17     20 9.13914E-02
     17     21 3.23735E-02
     17     22 1.20953E-02
     17     23 4.81234E-03
     17     24 2.42719E-03
     17     25 1.69841E+00
     17     26 7.00421E-01
     17     27 2.17600E-01
     17     28 7.51516E-02
     17     29 2.74808E-02
     17     30 1.04033E-02
     17     31 4.17225E-03
     17     32 2.11440E-03
     17     33 3.79156E-01
     17     34 2.40859E-01
     17     35 1.13334E-01
     17     36 4.75107E-02
     17     37 1.92292E-02
     17     38 7.74096E-03
     17     39 3.23673E-03
     17     40 1.69219E-03
     17     41 1.19654E-01
     17     42 8.82280E-02
     17     43 5.11032E-02
     17     44 2.53869E-02
     17     45 1.15975E-02
     17     46 5.09681E-03
     17     47 2.28292E-03
     17     48 1.25846E-03
     17     49 4.31441E-02
     17     50 3.44269E-02
     17     51 2.26001E-02
     17     52 1.28141E-02
     17     53 6.57455E-03
     17     54 3.18801E-03
     17     55 1.55405E-03
     17     56 9.14974E-04
     17     57 2.02538E-02
     17     58 1.69709E-02
     17     59 1.21057E-02
     17     60 7.55183E-03
     17     61 4.25190E-03
     17     62 2.23826E-03
     17     63 1.17296E-03
     17     64 7.29906E-04
     18      1 3.25708E-01
     18      2 3.31296E-01
     18      3 2.35094E-01
     18      4 1.20290E-01
     18      5 5.34873E-02
     18      6 2.25922E-02
     18      7 9.65893E-03
     18      8 5.08134E-03
     18      9 7.28104E-01
     18     10 1.24186E+00
     18     11 5.77902E-01
     18     12 1.82417E-01
     18     13 6.50065E-02
     18     14 2.46409E-02
     18     15 9.94306E-03
     18     16 5.06385E-03
     18     17 1.38659E+00
     18     18 4.86018E+00
     18     19 1.18907E+00
     18     20 2.30915E-01
     18     21 7.11531E-02
     18     22 2.50994E-02
     18     23 9.70279E-03
     18     24 4.81597E-03
     18     25 7.00016E-01
     18     26 1.21549E+00
     18     27 5.58489E-01
     18     28 1.69922E-01
     18     29 5.81070E-02
     18     30 2.12472E-02
     18     31 8.34558E-03
     18     32 4.17252E-03
     18     33 2.40763E-01
     18     34 2.51749E-01
     18     35 1.75219E-01
     18     36 8.50165E-02
     18     37 3.60263E-02
     18     38 1.47333E-02
     18     39 6.19135E-03
     18     40 3.23874E-03
     18     41 8.82187E-02
     18     42 8.25302E-02
     18     43 6.25573E-02
     18     44 3.73009E-02
     18     45 1.88899E-02
     18     46 8.78799E-03
     18     47 4.06805E-03
     18     48 2.28514E-03
     18     49 3.44138E-02
     18     50 3.13274E-02
     18     51 2.46353E-02
     18     52 1.63652E-02
     18     53 9.42218E-03
     18     54 4.94414E-03
     18     55 2.54701E-03
     18     56 1.55494E-03
     18     57 1.69662E-02
     18     58 1.53906E-02
     18     59 1.24177E-02
     18     60 8.80311E-03
     18     61 5.53806E-03
     18     62 3.18768E-03
     18     63 1.79396E-03
     18     64 1.17372E-03
     19      1 1.61699E-01
     19      2 2.35002E-01
     19      3 2.89852E-01
     19      4 2.17612E-01
     19      5 1.13268E-01
     19      6 5.10804E-02
     19      7 2.25895E-02
     19      8 1.21112E-02
     19      9 2.35023E-01
     19     10 5.77664E-01
     19     11 1.18890E+00
     19     12 5.58484E-01
     19     13 1.75305E-01
     19     14 6.25797E-02
     19     15 2.46411E-02
     19     16 1.24263E-02
     19     17 2.89772E-01
     19     18 1.18907E+00
     19     19 4.79952E+00
     19     20 1.16907E+00
     19     21 2.23730E-01
     19     22 6.87940E-02
     19     23 2.50920E-02
     19     24 1.21013E-02
     19     25 2.17522E-01
     19     26 5.58614E-01
     19     27 1.16786E+00
     19     28 5.40430E-01
     19     29 1.63608E-01
     19     30 5.60307E-02
     19     31 2.12451E-02
     19     32 1.04040E-02
     19     33 1.13311E-01
     19     34 1.75232E-01
     19     35 2.23729E-01
     19     36 1.63572E-01
     19     37 8.04623E-02
     19     38 3.44780E-02
     19     39 1.47215E-02
     19     40 7.74008E-03
     19     41 5.10983E-02
     19     42 6.25464E-02
     19     43 6.87816E-02
     19     44 5.60372E-02
     19     45 3.44813E-02
     19     46 1.78603E-02
     19     47 8.77930E-03
     19     48 5.09717E-03
     19     49 2.26000E-02
     19     50 2.46412E-02
     19     51 2.50938E-02
     19     52 2.12480E-02
     19     53 1.47253E-02
     19     54 8.78381E-03
     19     55 4.94042E-03
     19     56 3.18732E-03
     19     57 1.21052E-02
     19     58 1.24199E-02
     19     59 1.20912E-02
     19     60 1.04014E-02
     19     61 7.73850E-03
     19     62 5.09440E-03
     19     63 3.18561E-03
     19     64 2.23823E-03
     20      1 7.10119E-02
     20      2 1.20247E-01
     20      3 2.17415E-01
     20      4 2.82804E-01
     20      5 2.15035E-01
     20      6 1.13251E-01
     20      7 5.34785E-02
     20      8 2.96285E-02
     20      9 8.45654E-02
     20     10 1.82590E-01
     20     11 5.58208E-01
     20     12 1.18163E+00
     20     13 5.56035E-01
     20     14 1.75206E-01
     20     15 6.50068E-02
     20     16 3.20041E-02
     20     17 9.13914E-02
     20     18 2.30915E-01
     20     19 1.16907E+00
     20     20 4.79288E+00
     20     21 1.16548E+00
     20     22 2.23657E-01
     20     23 7.11275E-02
     20     24 3.23902E-02
     20     25 7.51506E-02
     20     26 1.70011E-01
     20     27 5.41357E-01
     20     28 1.16177E+00
     20     29 5.39067E-01
     20     30 1.63665E-01
     20     31 5.80875E-02
     20     32 2.74756E-02
     20     33 4.75170E-02
     20     34 8.50144E-02
     20     35 1.63628E-01
     20     36 2.18882E-01
     20     37 1.62099E-01
     20     38 8.05325E-02
     20     39 3.60108E-02
     20     40 1.92310E-02
     20     41 2.53831E-02
     20     42 3.72807E-02
     20     43 5.60293E-02
     20     44 6.59074E-02
     20     45 5.50143E-02
     20     46 3.44896E-02
     20     47 1.88755E-02
     20     48 1.16002E-02
     20     49 1.28075E-02
     20     50 1.63598E-02
     20     51 2.12415E-02
     20     52 2.34505E-02
     20     53 2.05997E-02
     20     54 1.47299E-02
     20     55 9.41936E-03
     20     56 6.57551E-03
     20     57 7.54981E-03
     20     58 8.80203E-03
     20     59 1.03996E-02
     20     60 1.10195E-02
     20     61 9.95732E-03
     20     62 7.73888E-03
     20     63 5.53514E-03
     20     64 4.25213E-03
     21      1 2.96228E-02
     21      2 5.34961E-02
     21      3 1.13239E-01
     21      4 2.15062E-01
     21      5 2.82824E-01
     21      6 2.17436E-01
     21      7 1.20216E-01
     21      8 7.10522E-02
     21      9 3.19964E-02
     21     10 6.50324E-02
     21     11 1.75102E-01
     21     12 5.55571E-01
     21     13 1.18180E+00
     21     14 5.58170E-01
     21     15 1.82558E-01
     21     16 8.46395E-02
     21     17 3.23735E-02
     21     18 7.11531E-02
     21     19 2.23730E-01
     21     20 1.16548E+00
     21     21 4.79245E+00
     21     22 1.16856E+00
     21     23 2.31130E-01
     21     24 9.15229E-02
     21     25 2.74796E-02
     21     26 5.81210E-02
     21     27 1.63669E-01
     21     28 5.39682E-01
     21     29 1.16180E+00
     21     30 5.41301E-01
     21     31 1.70003E-01
     21     32 7.51908E-02
     21     33 1.92354E-02
     21     34 3.60299E-02
     21     35 8.05061E-02
     21     36 1.62037E-01
     21     37 2.19102E-01
     21     38 1.63657E-01
     21     39 8.49765E-02
     21     40 4.75179E-02
     21     41 1.15964E-02
     21     42 1.88811E-02
     21     43 3.44840E-02
     21     44 5.49924E-02
     21     45 6.59430E-02
     21     46 5.60226E-02
     21     47 3.72677E-02
     21     48 2.53910E-02
     21     49 6.57455E-03
     21     50 9.42338E-03
     21     51 1.47285E-02
     21     52 2.06035E-02
     21     53 2.34493E-02
     21     54 2.12404E-02
     21     55 1.63518E-02
     21     56 1.28086E-02
     21     57 4.25123E-03
     21     58 5.53729E-03
     21     59 7.73698E-03
     21     60 9.95451E-03
     21     61 1.10223E-02
     21     62 1.04015E-02
     21     63 8.79754E-03
     21     64 7.55036E-03
     22      1 1.21076E-02
     22      2 2.25932E-02
     22      3 5.10670E-02
     22      4 1.13291E-01
     22      5 2.17655E-01
     22      6 2.90002E-01
     22      7 2.35108E-01
     22      8 1.61893E-01
     22      9 1.24228E-02
     22     10 2.46465E-02
     22     11 6.25307E-02
     22     12 1.75157E-01
     22     13 5.58196E-01
     22     14 1.18918E+00
     22     15 5.78526E-01
     22     16 2.35390E-01
     22     17 1.20953E-02
     22     18 2.50994E-02
     22     19 6.87940E-02
     22     20 2.23657E-01
     22     21 1.16856E+00
     22     22 4.79635E+00
     22     23 1.18821E+00
     22     24 2.90271E-01
     22     25 1.04063E-02
     22     26 2.12587E-02
     22     27 5.60543E-02
     22     28 1.63790E-01
     22     29 5.41567E-01
     22     30 1.16836E+00
     22     31 5.58933E-01
     22     32 2.17724E-01
     22     33 7.74293E-03
     22     34 1.47341E-02
     22     35 3.44941E-02
     22     36 8.05049E-02
     22     37 1.63773E-01
     22     38 2.23693E-01
     22     39 1.75203E-01
     22     40 1.13331E-01
     22     41 5.09646E-03
     22     42 8.78509E-03
     22     43 1.78651E-02
     22     44 3.44834E-02
     22     45 5.60547E-02
     22     46 6.87460E-02
     22     47 6.25273E-02
     22     48 5.11106E-02
     22     49 3.18762E-03
     22     50 4.94419E-03
     22     51 8.78551E-03
     22     52 1.47325E-02
     22     53 2.12466E-02
     22     54 2.50884E-02
     22     55 2.46293E-02
     22     56 2.26007E-02
     22     57 2.23811E-03
     22     58 3.18747E-03
     22     59 5.09448E-03
     22     60 7.73759E-03
     22     61 1.04035E-02
     22     62 1.20926E-02
     22     63 1.24133E-02
     22     64 1.21054E-02
     23      1 5.07932E-03
     23      2 9.65946E-03
     23      3 2.25836E-02
     23      4 5.34866E-02
     23      5 1.20284E-01
     23      6 2.35024E-01
     23      7 3.31131E-01
     23      8 3.26005E-01
     23      9 5.06180E-03
     23     10 9.94429E-03
     23     11 2.46240E-02
     23     12 6.49815E-02
     23     13 1.82489E-01
     23     14 5.77280E-01
     23     15 1.24081E+00
     23     16 7.28962E-01
     23     17 4.81234E-03
     23     18 9.70279E-03
     23     19 2.50920E-02
     23     20 7.11275E-02
     23     21 2.31130E-01
     23     22 1.18821E+00
     23     23 4.85969E+00
     23     24 1.38801E+00
     23     25 4.17144E-03
     23     26 8.34599E-03
     23     27 2.12423E-02
     23     28 5.81013E-02
     23     29 1.70047E-01
     23     30 5.58671E-01
     23     31 1.21430E+00
     23     32 7.01234E-01
     23     33 3.23779E-03
     23     34 6.19204E-03
     23     35 1.47285E-02
     23     36 3.60076E-02
     23     37 8.50096E-02
     23     38 1.75174E-01
     23     39 2.51833E-01
     23     40 2.41010E-01
     23     41 2.28305E-03
     23     42 4.06747E-03
     23     43 8.78266E-03
     23     44 1.88753E-02
     23     45 3.72816E-02
     23     46 6.25160E-02
     23     47 8.25212E-02
     23     48 8.82669E-02
     23     49 1.55384E-03
     23     50 2.54700E-03
     23     51 4.94114E-03
     23     52 9.42049E-03
     23     53 1.63554E-02
     23     54 2.46288E-02
     23     55 3.13184E-02
     23     56 3.44199E-02
     23     57 1.17263E-03
     23     58 1.79356E-03
     23     59 3.18573E-03
     23     60 5.53457E-03
     23     61 8.80119E-03
     23     62 1.24180E-02
     23     63 1.53850E-02
     23     64 1.69693E-02
     24      1 2.64234E-03
     24      2 5.08119E-03
     24      3 1.21073E-02
     24      4 2.96289E-02
     24      5 7.10577E-02
     24      6 1.61771E-01
     24      7 3.25802E-01
     24      8 4.95343E-01
     24      9 2.58970E-03
