      1      1 7.46487E+00
      1      2 1.98288E+00
      1      3 4.57911E-01
      1      4 1.50655E-01
      1      5 6.70929E-02
      1      6 1.97676E+00
      1      7 8.82014E-01
      1      8 3.02630E-01
      1      9 1.13967E-01
      1     10 5.47159E-02
      1     11 4.57220E-01
      1     12 3.02832E-01
      1     13 1.49738E-01
      1     14 6.85267E-02
      1     15 3.71839E-02
      1     16 1.49956E-01
      1     17 1.13680E-01
      1     18 6.84767E-02
      1     19 3.75120E-02
      1     20 2.31373E-02
      1     21 6.68074E-02
      1     22 5.42699E-02
      1     23 3.71094E-02
      1     24 2.31794E-02
      1     25 1.59832E-02
      2      1 1.98288E+00
      2      2 5.93801E+00
      2      3 1.66305E+00
      2      4 3.75329E-01
      2      5 1.50549E-01
      2      6 8.76636E-01
      2      7 1.41027E+00
      2      8 6.88963E-01
      2      9 2.43595E-01
      2     10 1.13936E-01
      2     11 3.01761E-01
      2     12 3.10541E-01
      2     13 2.21760E-01
      2     14 1.18697E-01
      2     15 6.86642E-02
      2     16 1.13573E-01
      2     17 1.06632E-01
      2     18 8.31758E-02
      2     19 5.46824E-02
      2     20 3.74430E-02
      2     21 5.46173E-02
      2     22 5.00943E-02
      2     23 4.08810E-02
      2     24 3.01212E-02
      2     25 2.32597E-02
      3      1 4.57911E-01
      3      2 1.66305E+00
      3      3 5.85622E+00
      3      4 1.66449E+00
      3      5 4.59838E-01
      3      6 3.01746E-01
      3      7 6.90679E-01
      3      8 1.35570E+00
      3      9 6.90132E-01
      3     10 3.02830E-01
      3     11 1.49395E-01
      3     12 2.20830E-01
      3     13 2.79551E-01
      3     14 2.22021E-01
      3     15 1.50252E-01
      3     16 6.83677E-02
      3     17 8.25947E-02
      3     18 9.27838E-02
      3     19 8.32218E-02
      3     20 6.85539E-02
      3     21 3.72087E-02
      3     22 4.06686E-02
      3     23 4.30754E-02
      3     24 4.07803E-02
      3     25 3.72072E-02
      4      1 1.50655E-01
      4      2 3.75329E-01
      4      3 1.66449E+00
      4      4 5.93915E+00
      4      5 1.98148E+00
      4      6 1.13542E-01
      4      7 2.42499E-01
      4      8 6.88080E-01
      4      9 1.41076E+00
      4     10 8.78467E-01
      4     11 6.81686E-02
      4     12 1.17503E-01
      4     13 2.20669E-01
      4     14 3.11738E-01
      4     15 3.02751E-01
      4     16 3.72635E-02
      4     17 5.40492E-02
      4     18 8.28943E-02
      4     19 1.07118E-01
      4     20 1.13750E-01
      4     21 2.32118E-02
      4     22 2.99364E-02
      4     23 4.07692E-02
      4     24 5.01822E-02
      4     25 5.46468E-02
      5      1 6.70929E-02
      5      2 1.50549E-01
      5      3 4.59838E-01
      5      4 1.98148E+00
      5      5 7.46902E+00
      5      6 5.44477E-02
      5      7 1.13226E-01
      5      8 3.01357E-01
      5      9 8.76202E-01
      5     10 1.97923E+00
      5     11 3.69740E-02
      5     12 6.80232E-02
      5     13 1.49484E-01
      5     14 3.03578E-01
      5     15 4.57346E-01
      5     16 2.31473E-02
      5     17 3.73291E-02
      5     18 6.86338E-02
      5     19 1.14066E-01
      5     20 1.50043E-01
      5     21 1.60620E-02
      5     22 2.31963E-02
      5     23 3.72294E-02
      5     24 5.45491E-02
      5     25 6.70046E-02
      6      1 1.97676E+00
      6      2 8.76636E-01
      6      3 3.01746E-01
      6      4 1.13542E-01
      6      5 5.44477E-02
      6      6 5.93664E+00
      6      7 1.40629E+00
      6      8 3.10952E-01
      6      9 1.06718E-01
      6     10 5.01882E-02
      6     11 1.66952E+00
      6     12 6.90850E-01
      6     13 2.21405E-01
      6     14 8.27680E-02
      6     15 4.06706E-02
      6     16 3.77373E-01
      6     17 2.45072E-01
      6     18 1.18756E-01
      6     19 5.44602E-02
      6     20 2.98986E-02
      6     21 1.51181E-01
      6     22 1.13918E-01
      6     23 6.86993E-02
      6     24 3.74494E-02
      6     25 2.31652E-02
      7      1 8.82014E-01
      7      2 1.41027E+00
      7      3 6.90679E-01
      7      4 2.42499E-01
      7      5 1.13226E-01
      7      6 1.40629E+00
      7      7 4.82846E+00
      7      8 1.20100E+00
      7      9 2.53349E-01
      7     10 1.06525E-01
      7     11 6.87317E-01
      7     12 1.20323E+00
      7     13 5.51659E-01
      7     14 1.79609E-01
      7     15 8.27981E-02
      7     16 2.42746E-01
      7     17 2.53489E-01
      7     18 1.79834E-01
      7     19 9.47193E-02
      7     20 5.42772E-02
      7     21 1.13794E-01
      7     22 1.06399E-01
      7     23 8.29916E-02
      7     24 5.44698E-02
      7     25 3.74728E-02
      8      1 3.02630E-01
      8      2 6.88963E-01
      8      3 1.35570E+00
      8      4 6.88080E-01
      8      5 3.01357E-01
      8      6 3.10952E-01
      8      7 1.20100E+00
      8      8 4.77926E+00
      8      9 1.20056E+00
      8     10 3.10165E-01
      8     11 2.20530E-01
      8     12 5.48838E-01
      8     13 1.16063E+00
      8     14 5.50522E-01
      8     15 2.21316E-01
      8     16 1.17802E-01
      8     17 1.78078E-01
      8     18 2.30297E-01
      8     19 1.79848E-01
      8     20 1.18221E-01
      8     21 6.84008E-02
      8     22 8.24284E-02
      8     23 9.24038E-02
      8     24 8.27195E-02
      8     25 6.84155E-02
      9      1 1.13967E-01
      9      2 2.43595E-01
      9      3 6.90132E-01
      9      4 1.41076E+00
      9      5 8.76202E-01
      9      6 1.06718E-01
      9      7 2.53349E-01
      9      8 1.20056E+00
      9      9 4.83802E+00
      9     10 1.40623E+00
      9     11 8.25326E-02
      9     12 1.78111E-01
      9     13 5.46907E-01
      9     14 1.20470E+00
      9     15 6.87897E-01
      9     16 5.41894E-02
      9     17 9.36997E-02
      9     18 1.79061E-01
      9     19 2.54608E-01
      9     20 2.43141E-01
      9     21 3.75102E-02
      9     22 5.42003E-02
      9     23 8.27509E-02
      9     24 1.06508E-01
      9     25 1.13757E-01
     10      1 5.47159E-02
     10      2 1.13936E-01
     10      3 3.02830E-01
     10      4 8.78467E-01
     10      5 1.97923E+00
     10      6 5.01882E-02
     10      7 1.06525E-01
     10      8 3.10165E-01
     10      9 1.40623E+00
     10     10 5.93993E+00
     10     11 4.06650E-02
     10     12 8.25119E-02
     10     13 2.20869E-01
     10     14 6.90306E-01
     10     15 1.66677E+00
     10     16 3.00508E-02
     10     17 5.43037E-02
     10     18 1.18533E-01
     10     19 2.43956E-01
     10     20 3.75277E-01
     10     21 2.33454E-02
     10     22 3.74532E-02
     10     23 6.86143E-02
     10     24 1.13678E-01
     10     25 1.50562E-01
     11      1 4.57220E-01
     11      2 3.01761E-01
     11      3 1.49395E-01
     11      4 6.81686E-02
     11      5 3.69740E-02
     11      6 1.66952E+00
     11      7 6.87317E-01
     11      8 2.20530E-01
     11      9 8.25326E-02
     11     10 4.06650E-02
     11     11 5.85592E+00
     11     12 1.34931E+00
     11     13 2.79462E-01
     11     14 9.23281E-02
     11     15 4.28237E-02
     11     16 1.67125E+00
     11     17 6.91347E-01
     11     18 2.22349E-01
     11     19 8.29815E-02
     11     20 4.05200E-02
     11     21 4.58703E-01
     11     22 3.02504E-01
     11     23 1.50065E-01
     11     24 6.84386E-02
     11     25 3.70214E-02
     12      1 3.02832E-01
     12      2 3.10541E-01
     12      3 2.20830E-01
     12      4 1.17503E-01
     12      5 6.80232E-02
     12      6 6.90850E-01
     12      7 1.20323E+00
     12      8 5.48838E-01
     12      9 1.78111E-01
     12     10 8.25119E-02
     12     11 1.34931E+00
     12     12 4.78286E+00
     12     13 1.16397E+00
     12     14 2.29722E-01
     12     15 9.20115E-02
     12     16 6.85923E-01
     12     17 1.19923E+00
     12     18 5.51319E-01
     12     19 1.79663E-01
     12     20 8.23789E-02
     12     21 3.01528E-01
     12     22 3.09513E-01
     12     23 2.21625E-01
     12     24 1.18453E-01
     12     25 6.83279E-02
     13      1 1.49738E-01
     13      2 2.21760E-01
     13      3 2.79551E-01
     13      4 2.20669E-01
     13      5 1.49484E-01
     13      6 2.21405E-01
     13      7 5.51659E-01
     13      8 1.16063E+00
     13      9 5.46907E-01
     13     10 2.20869E-01
     13     11 2.79462E-01
     13     12 1.16397E+00
     13     13 4.73496E+00
     13     14 1.16026E+00
     13     15 2.77555E-01
     13     16 2.20654E-01
     13     17 5.48337E-01
     13     18 1.16376E+00
     13     19 5.49141E-01
     13     20 2.20074E-01
     13     21 1.49505E-01
     13     22 2.20093E-01
     13     23 2.78439E-01
     13     24 2.20865E-01
     13     25 1.49355E-01
     14      1 6.85267E-02
     14      2 1.18697E-01
     14      3 2.22021E-01
     14      4 3.11738E-01
     14      5 3.03578E-01
     14      6 8.27680E-02
     14      7 1.79609E-01
     14      8 5.50522E-01
     14      9 1.20470E+00
     14     10 6.90306E-01
     14     11 9.23281E-02
     14     12 2.29722E-01
     14     13 1.16026E+00
     14     14 4.78152E+00
     14     15 1.34800E+00
     14     16 8.26578E-02
     14     17 1.78136E-01
     14     18 5.45919E-01
     14     19 1.20243E+00
     14     20 6.89823E-01
     14     21 6.85077E-02
     14     22 1.17528E-01
     14     23 2.19500E-01
     14     24 3.08553E-01
     14     25 3.01753E-01
     15      1 3.71839E-02
     15      2 6.86642E-02
     15      3 1.50252E-01
     15      4 3.02751E-01
     15      5 4.57346E-01
     15      6 4.06706E-02
     15      7 8.27981E-02
     15      8 2.21316E-01
     15      9 6.87897E-01
     15     10 1.66677E+00
     15     11 4.28237E-02
     15     12 9.20115E-02
     15     13 2.77555E-01
     15     14 1.34800E+00
     15     15 5.86689E+00
     15     16 4.06254E-02
     15     17 8.23205E-02
     15     18 2.19905E-01
     15     19 6.88833E-01
     15     20 1.67116E+00
     15     21 3.71607E-02
     15     22 6.80160E-02
     15     23 1.48913E-01
     15     24 3.00889E-01
     15     25 4.58353E-01
     16      1 1.49956E-01
     16      2 1.13573E-01
     16      3 6.83677E-02
     16      4 3.72635E-02
     16      5 2.31473E-02
     16      6 3.77373E-01
     16      7 2.42746E-01
     16      8 1.17802E-01
     16      9 5.41894E-02
     16     10 3.00508E-02
     16     11 1.67125E+00
     16     12 6.85923E-01
     16     13 2.20654E-01
     16     14 8.26578E-02
     16     15 4.06254E-02
     16     16 5.93486E+00
     16     17 1.40727E+00
     16     18 3.11954E-01
     16     19 1.06726E-01
     16     20 4.98524E-02
     16     21 1.97865E+00
     16     22 8.83132E-01
     16     23 3.03624E-01
     16     24 1.13308E-01
     16     25 5.41606E-02
     17      1 1.13680E-01
     17      2 1.06632E-01
     17      3 8.25947E-02
     17      4 5.40492E-02
     17      5 3.73291E-02
     17      6 2.45072E-01
     17      7 2.53489E-01
     17      8 1.78078E-01
     17      9 9.36997E-02
     17     10 5.43037E-02
     17     11 6.91347E-01
     17     12 1.19923E+00
     17     13 5.48337E-01
     17     14 1.78136E-01
     17     15 8.23205E-02
     17     16 1.40727E+00
     17     17 4.83939E+00
     17     18 1.20537E+00
     17     19 2.53358E-01
     17     20 1.05747E-01
     17     21 8.75955E-01
     17     22 1.40851E+00
     17     23 6.90219E-01
     17     24 2.42281E-01
     17     25 1.12717E-01
     18      1 6.84767E-02
     18      2 8.31758E-02
     18      3 9.27838E-02
     18      4 8.28943E-02
     18      5 6.86338E-02
     18      6 1.18756E-01
     18      7 1.79834E-01
     18      8 2.30297E-01
     18      9 1.79061E-01
     18     10 1.18533E-01
     18     11 2.22349E-01
     18     12 5.51319E-01
     18     13 1.16376E+00
     18     14 5.45919E-01
     18     15 2.19905E-01
     18     16 3.11954E-01
     18     17 1.20537E+00
     18     18 4.77883E+00
     18     19 1.19828E+00
     18     20 3.08925E-01
     18     21 3.03160E-01
     18     22 6.88993E-01
     18     23 1.34826E+00
     18     24 6.88521E-01
     18     25 3.01107E-01
     19      1 3.75120E-02
     19      2 5.46824E-02
     19      3 8.32218E-02
     19      4 1.07118E-01
     19      5 1.14066E-01
     19      6 5.44602E-02
     19      7 9.47193E-02
     19      8 1.79848E-01
     19      9 2.54608E-01
     19     10 2.43956E-01
     19     11 8.29815E-02
     19     12 1.79663E-01
     19     13 5.49141E-01
     19     14 1.20243E+00
     19     15 6.88833E-01
     19     16 1.06726E-01
     19     17 2.53358E-01
     19     18 1.19828E+00
     19     19 4.84063E+00
     19     20 1.40897E+00
     19     21 1.13773E-01
     19     22 2.41675E-01
     19     23 6.86229E-01
     19     24 1.40720E+00
     19     25 8.75036E-01
     20      1 2.31373E-02
     20      2 3.74430E-02
     20      3 6.85539E-02
     20      4 1.13750E-01
     20      5 1.50043E-01
     20      6 2.98986E-02
     20      7 5.42772E-02
     20      8 1.18221E-01
     20      9 2.43141E-01
     20     10 3.75277E-01
     20     11 4.05200E-02
     20     12 8.23789E-02
     20     13 2.20074E-01
     20     14 6.89823E-01
     20     15 1.67116E+00
     20     16 4.98524E-02
     20     17 1.05747E-01
     20     18 3.08925E-01
     20     19 1.40897E+00
     20     20 5.94362E+00
     20     21 5.42827E-02
     20     22 1.12323E-01
     20     23 3.00145E-01
     20     24 8.74152E-01
     20     25 1.98339E+00
     21      1 6.68074E-02
     21      2 5.46173E-02
     21      3 3.72087E-02
     21      4 2.32118E-02
     21      5 1.60620E-02
     21      6 1.51181E-01
     21      7 1.13794E-01
     21      8 6.84008E-02
     21      9 3.75102E-02
     21     10 2.33454E-02
     21     11 4.58703E-01
     21     12 3.01528E-01
     21     13 1.49505E-01
     21     14 6.85077E-02
     21     15 3.71607E-02
     21     16 1.97865E+00
     21     17 8.75955E-01
     21     18 3.03160E-01
     21     19 1.13773E-01
     21     20 5.42827E-02
     21     21 7.46712E+00
     21     22 1.98169E+00
     21     23 4.60457E-01
     21     24 1.49985E-01
     21     25 6.65004E-02
     22      1 5.42699E-02
     22      2 5.00943E-02
     22      3 4.06686E-02
     22      4 2.99364E-02
     22      5 2.31963E-02
     22      6 1.13918E-01
     22      7 1.06399E-01
     22      8 8.24284E-02
     22      9 5.42003E-02
     22     10 3.74532E-02
     22     11 3.02504E-01
     22     12 3.09513E-01
     22     13 2.20093E-01
     22     14 1.17528E-01
     22     15 6.80160E-02
     22     16 8.83132E-01
     22     17 1.40851E+00
     22     18 6.88993E-01
     22     19 2.41675E-01
     22     20 1.12323E-01
     22     21 1.98169E+00
     22     22 5.93928E+00
     22     23 1.67150E+00
     22     24 3.73408E-01
     22     25 1.48384E-01
     23      1 3.71094E-02
     23      2 4.08810E-02
     23      3 4.30754E-02
     23      4 4.07692E-02
     23      5 3.72294E-02
     23      6 6.86993E-02
     23      7 8.29916E-02
     23      8 9.24038E-02
     23      9 8.27509E-02
     23     10 6.86143E-02
     23     11 1.50065E-01
     23     12 2.21625E-01
     23     13 2.78439E-01
     23     14 2.19500E-01
     23     15 1.48913E-01
     23     16 3.03624E-01
     23     17 6.90219E-01
     23     18 1.34826E+00
     23     19 6.86229E-01
     23     20 3.00145E-01
     23     21 4.60457E-01
     23     22 1.67150E+00
     23     23 5.86031E+00
     23     24 1.66873E+00
     23     25 4.56574E-01
     24      1 2.31794E-02
     24      2 3.01212E-02
     24      3 4.07803E-02
     24      4 5.01822E-02
     24      5 5.45491E-02
     24      6 3.74494E-02
     24      7 5.44698E-02
     24      8 8.27195E-02
     24      9 1.06508E-01
     24     10 1.13678E-01
     24     11 6.84386E-02
     24     12 1.18453E-01
     24     13 2.20865E-01
     24     14 3.08553E-01
     24     15 3.00889E-01
     24     16 1.13308E-01
     24     17 2.42281E-01
     24     18 6.88521E-01
     24     19 1.40720E+00
     24     20 8.74152E-01
     24     21 1.49985E-01
     24     22 3.73408E-01
     24     23 1.66873E+00
     24     24 5.95182E+00
     24     25 1.97887E+00
     25      1 1.59832E-02
     25      2 2.32597E-02
     25      3 3.72072E-02
     25      4 5.46468E-02
     25      5 6.70046E-02
     25      6 2.31652E-02
     25      7 3.74728E-02
     25      8 6.84155E-02
     25      9 1.13757E-01
     25     10 1.50562E-01
     25     11 3.70214E-02
     25     12 6.83279E-02
     25     13 1.49355E-01
     25     14 3.01753E-01
     25     15 4.58353E-01
     25     16 5.41606E-02
     25     17 1.12717E-01
     25     18 3.01107E-01
     25     19 8.75036E-01
     25     20 1.98339E+00
     25     21 6.65004E-02
     25     22 1.48384E-01
     25     23 4.56574E-01
     25     24 1.97887E+00
     25     25 7.47608E+00
