      1      1 7.11387E+00
      1      2 1.74754E+00
      1      3 3.54323E-01
      1      4 9.71268E-02
      1      5 2.86221E-02
      1      6 8.70359E-03
      1      7 2.75702E-03
      1      8 1.09428E-03
      1      9 1.74764E+00
      1     10 7.26535E-01
      1     11 2.21483E-01
      1     12 6.98109E-02
      1     13 2.21673E-02
      1     14 7.06641E-03
      1     15 2.31600E-03
      1     16 9.43865E-04
      1     17 3.54245E-01
      1     18 2.21486E-01
      1     19 9.94564E-02
      1     20 3.82668E-02
      1     21 1.37112E-02
      1     22 4.74325E-03
      1     23 1.65301E-03
      1     24 7.07396E-04
      1     25 9.71236E-02
      1     26 6.98075E-02
      1     27 3.82615E-02
      1     28 1.74577E-02
      1     29 7.11338E-03
      1     30 2.71346E-03
      1     31 1.02244E-03
      1     32 4.66777E-04
      1     33 2.86202E-02
      1     34 2.21656E-02
      1     35 1.37105E-02
      1     36 7.11300E-03
      1     37 3.25358E-03
      1     38 1.36939E-03
      1     39 5.62019E-04
      1     40 2.76018E-04
      1     41 8.70599E-03
      1     42 7.06945E-03
      1     43 4.74446E-03
      1     44 2.71383E-03
      1     45 1.36944E-03
      1     46 6.31949E-04
      1     47 2.82911E-04
      1     48 1.50050E-04
      1     49 2.75768E-03
      1     50 2.31627E-03
      1     51 1.65291E-03
      1     52 1.02255E-03
      1     53 5.62013E-04
      1     54 2.82896E-04
      1     55 1.38283E-04
      1     56 7.94256E-05
      1     57 1.09456E-03
      1     58 9.44122E-04
      1     59 7.07510E-04
      1     60 4.66827E-04
      1     61 2.76038E-04
      1     62 1.50055E-04
      1     63 7.94284E-05
      1     64 4.89368E-05
      2      1 1.74754E+00
      2      2 5.72360E+00
      2      3 1.48853E+00
      2      4 2.85839E-01
      2      5 7.72060E-02
      2      6 2.26641E-02
      2      7 7.04046E-03
      2      8 2.75642E-03
      2      9 7.26815E-01
      2     10 1.24095E+00
      2     11 5.74967E-01
      2     12 1.73868E-01
      2     13 5.47125E-02
      2     14 1.74057E-02
      2     15 5.69507E-03
      2     16 2.31534E-03
      2     17 2.21477E-01
      2     18 2.32337E-01
      2     19 1.60254E-01
      2     20 7.49195E-02
      2     21 2.93049E-02
      2     22 1.06141E-02
      2     23 3.79874E-03
      2     24 1.65246E-03
      2     25 6.98097E-02
      2     26 6.55806E-02
      2     27 4.89882E-02
      2     28 2.79252E-02
      2     29 1.30578E-02
      2     30 5.42065E-03
      2     31 2.15789E-03
      2     32 1.02227E-03
      2     33 2.21658E-02
      2     34 2.01648E-02
      2     35 1.55695E-02
      2     36 9.85040E-03
      2     37 5.22929E-03
      2     38 2.44598E-03
      2     39 1.08342E-03
      2     40 5.61910E-04
      2     41 7.06908E-03
      2     42 6.38266E-03
      2     43 5.03772E-03
      2     44 3.40033E-03
      2     45 1.97651E-03
      2     46 1.02023E-03
      2     47 4.99138E-04
      2     48 2.82856E-04
      2     49 2.31650E-03
      2     50 2.09426E-03
      2     51 1.68567E-03
      2     52 1.19268E-03
      2     53 7.43449E-04
      2     54 4.17354E-04
      2     55 2.24022E-04
      2     56 1.38273E-04
      2     57 9.44155E-04
      2     58 8.57980E-04
      2     59 7.03374E-04
      2     60 5.16797E-04
      2     61 3.40868E-04
      2     62 2.05386E-04
      2     63 1.19574E-04
      2     64 7.94110E-05
      3      1 3.54323E-01
      3      2 1.48853E+00
      3      3 5.65382E+00
      3      4 1.47013E+00
      3      5 2.79923E-01
      3      6 7.55241E-02
      3      7 2.26659E-02
      3      8 8.70232E-03
      3      9 2.21491E-01
      3     10 5.75299E-01
      3     11 1.19404E+00
      3     12 5.60600E-01
      3     13 1.69121E-01
      3     14 5.33183E-02
      3     15 1.74090E-02
      3     16 7.06571E-03
      3     17 9.94622E-02
      3     18 1.60288E-01
      3     19 2.07743E-01
      3     20 1.51303E-01
      3     21 7.18278E-02
      3     22 2.83465E-02
      3     23 1.06166E-02
      3     24 4.74290E-03
      3     25 3.82653E-02
      3     26 4.89869E-02
      3     27 5.52310E-02
      3     28 4.45946E-02
      3     29 2.62285E-02
      3     30 1.24989E-02
      3     31 5.42081E-03
      3     32 2.71312E-03
      3     33 1.37089E-02
      3     34 1.55677E-02
      3     35 1.63046E-02
      3     36 1.36847E-02
      3     37 9.04216E-03
      3     38 4.94273E-03
      3     39 2.44581E-03
      3     40 1.36913E-03
      3     41 4.74452E-03
      3     42 5.03845E-03
      3     43 5.03693E-03
      3     44 4.30016E-03
      3     45 3.05097E-03
      3     46 1.84334E-03
      3     47 1.02022E-03
      3     48 6.31828E-04
      3     49 1.65303E-03
      3     50 1.68564E-03
      3     51 1.63360E-03
      3     52 1.40675E-03
      3     53 1.04790E-03
      3     54 6.84453E-04
      3     55 4.17293E-04
      3     56 2.82841E-04
      3     57 7.07515E-04
      3     58 7.03337E-04
      3     59 6.67126E-04
      3     60 5.77427E-04
      3     61 4.46114E-04
      3     62 3.10321E-04
      3     63 2.05372E-04
      3     64 1.50014E-04
      4      1 9.71268E-02
      4      2 2.85839E-01
      4      3 1.47013E+00
      4      4 5.64440E+00
      4      5 1.46866E+00
      4      6 2.79828E-01
      4      7 7.71921E-02
      4      8 2.86105E-02
      4      9 6.98116E-02
      4     10 1.73846E-01
      4     11 5.60426E-01
      4     12 1.19099E+00
      4     13 5.59098E-01
      4     14 1.69056E-01
      4     15 5.47023E-02
      4     16 2.21568E-02
      4     17 3.82653E-02
      4     18 7.49289E-02
      4     19 1.51322E-01
      4     20 2.04706E-01
      4     21 1.50369E-01
      4     22 7.18063E-02
      4     23 2.93008E-02
      4     24 1.37049E-02
      4     25 1.74573E-02
      4     26 2.79219E-02
      4     27 4.45980E-02
      4     28 5.35483E-02
      4     29 4.40290E-02
      4     30 2.62254E-02
      4     31 1.30563E-02
      4     32 7.11138E-03
      4     33 7.11334E-03
      4     34 9.85087E-03
      4     35 1.36850E-02
      4     36 1.54988E-02
      4     37 1.33974E-02
      4     38 9.04192E-03
      4     39 5.22869E-03
      4     40 3.25293E-03
      4     41 2.71395E-03
      4     42 3.40118E-03
      4     43 4.30051E-03
      4     44 4.68799E-03
      4     45 4.16707E-03
      4     46 3.05077E-03
      4     47 1.97630E-03
      4     48 1.36906E-03
      4     49 1.02256E-03
      4     50 1.19257E-03
      4     51 1.40665E-03
      4     52 1.48927E-03
      4     53 1.34772E-03
      4     54 1.04777E-03
      4     55 7.43265E-04
      4     56 5.61864E-04
      4     57 4.66829E-04
      4     58 5.16752E-04
      4     59 5.77400E-04
      4     60 5.96565E-04
      4     61 5.46904E-04
      4     62 4.46056E-04
      4     63 3.40814E-04
      4     64 2.75945E-04
      5      1 2.86221E-02
      5      2 7.72060E-02
      5      3 2.79923E-01
      5      4 1.46866E+00
      5      5 5.64710E+00
      5      6 1.46932E+00
      5      7 2.85830E-01
      5      8 9.70987E-02
      5      9 2.21677E-02
      5     10 5.47080E-02
      5     11 1.69083E-01
      5     12 5.58897E-01
      5     13 1.18953E+00
      5     14 5.60148E-01
      5     15 1.73868E-01
      5     16 6.97866E-02
      5     17 1.37093E-02
      5     18 2.93062E-02
      5     19 7.18265E-02
      5     20 1.50402E-01
      5     21 2.04660E-01
      5     22 1.51286E-01
      5     23 7.49218E-02
      5     24 3.82569E-02
      5     25 7.11323E-03
      5     26 1.30572E-02
      5     27 2.62334E-02
      5     28 4.40384E-02
      5     29 5.35252E-02
      5     30 4.45843E-02
      5     31 2.79216E-02
      5     32 1.74536E-02
      5     33 3.25356E-03
      5     34 5.22955E-03
      5     35 9.04201E-03
      5     36 1.33990E-02
      5     37 1.54950E-02
      5     38 1.36828E-02
      5     39 9.84941E-03
      5     40 7.11241E-03
      5     41 1.36941E-03
      5     42 1.97693E-03
      5     43 3.05104E-03
      5     44 4.16709E-03
      5     45 4.68711E-03
      5     46 4.29966E-03
      5     47 3.40004E-03
      5     48 2.71330E-03
      5     49 5.62002E-04
      5     50 7.43375E-04
      5     51 1.04783E-03
      5     52 1.34780E-03
      5     53 1.48889E-03
      5     54 1.40635E-03
      5     55 1.19232E-03
      5     56 1.02230E-03
      5     57 2.76021E-04
      5     58 3.40810E-04
      5     59 4.46063E-04
      5     60 5.46894E-04
      5     61 5.96444E-04
      5     62 5.77285E-04
      5     63 5.16711E-04
      5     64 4.66696E-04
      6      1 8.70359E-03
      6      2 2.26641E-02
      6      3 7.55241E-02
      6      4 2.79828E-01
      6      5 1.46932E+00
      6      6 5.65396E+00
      6      7 1.48884E+00
      6      8 3.54280E-01
      6      9 7.06742E-03
      6     10 1.74068E-02
      6     11 5.33151E-02
      6     12 1.69095E-01
      6     13 5.60518E-01
      6     14 1.19425E+00
      6     15 5.75734E-01
      6     16 2.21445E-01
      6     17 4.74330E-03
      6     18 1.06161E-02
      6     19 2.83486E-02
      6     20 7.18237E-02
      6     21 1.51325E-01
      6     22 2.07753E-01
      6     23 1.60295E-01
      6     24 9.94518E-02
      6     25 2.71318E-03
      6     26 5.42011E-03
      6     27 1.24999E-02
      6     28 2.62287E-02
      6     29 4.45825E-02
      6     30 5.52336E-02
      6     31 4.89947E-02
      6     32 3.82608E-02
      6     33 1.36913E-03
      6     34 2.44574E-03
      6     35 4.94171E-03
      6     36 9.04263E-03
      6     37 1.36840E-02
      6     38 1.63041E-02
      6     39 1.55687E-02
      6     40 1.37094E-02
      6     41 6.31863E-04
      6     42 1.02037E-03
      6     43 1.84324E-03
      6     44 3.05080E-03
      6     45 4.29973E-03
      6     46 5.03689E-03
      6     47 5.03789E-03
      6     48 4.74424E-03
      6     49 2.82859E-04
      6     50 4.17283E-04
      6     51 6.84394E-04
      6     52 1.04791E-03
      6     53 1.40651E-03
      6     54 1.63350E-03
      6     55 1.68559E-03
      6     56 1.65294E-03
      6     57 1.50032E-04
      6     58 2.05339E-04
      6     59 3.10283E-04
      6     60 4.46078E-04
      6     61 5.77332E-04
      6     62 6.67064E-04
      6     63 7.03408E-04
      6     64 7.07476E-04
      7      1 2.75702E-03
      7      2 7.04046E-03
      7      3 2.26659E-02
      7      4 7.71921E-02
      7      5 2.85830E-01
      7      6 1.48884E+00
      7      7 5.72098E+00
      7      8 1.74770E+00
      7      9 2.31604E-03
      7     10 5.69474E-03
      7     11 1.74060E-02
      7     12 5.47048E-02
      7     13 1.73890E-01
      7     14 5.75363E-01
      7     15 1.24272E+00
      7     16 7.26864E-01
      7     17 1.65266E-03
      7     18 3.79866E-03
      7     19 1.06149E-02
      7     20 2.93006E-02
      7     21 7.49354E-02
      7     22 1.60278E-01
      7     23 2.32329E-01
      7     24 2.21432E-01
      7     25 1.02229E-03
      7     26 2.15761E-03
      7     27 5.42072E-03
      7     28 1.30568E-02
      7     29 2.79190E-02
      7     30 4.89933E-02
      7     31 6.55756E-02
      7     32 6.97882E-02
      7     33 5.61909E-04
      7     34 1.08335E-03
      7     35 2.44530E-03
      7     36 5.22934E-03
      7     37 9.85074E-03
      7     38 1.55670E-02
      7     39 2.01635E-02
      7     40 2.21636E-02
      7     41 2.82861E-04
      7     42 4.99190E-04
      7     43 1.02011E-03
      7     44 1.97629E-03
      7     45 3.39993E-03
      7     46 5.03749E-03
      7     47 6.38153E-03
      7     48 7.06784E-03
      7     49 1.38274E-04
      7     50 2.24001E-04
      7     51 4.17280E-04
      7     52 7.43399E-04
      7     53 1.19246E-03
      7     54 1.68547E-03
      7     55 2.09404E-03
      7     56 2.31616E-03
      7     57 7.94170E-05
      7     58 1.19546E-04
      7     59 2.05339E-04
      7     60 3.40811E-04
      7     61 5.16682E-04
      7     62 7.03258E-04
      7     63 8.58012E-04
      7     64 9.44058E-04
      8      1 1.09428E-03
      8      2 2.75642E-03
      8      3 8.70232E-03
      8      4 2.86105E-02
      8      5 9.70987E-02
      8      6 3.54280E-01
      8      7 1.74770E+00
      8      8 7.11429E+00
      8      9 9.43943E-04
      8     10 2.31538E-03
      8     11 7.06506E-03
      8     12 2.21590E-02
      8     13 6.98011E-02
      8     14 2.21426E-01
      8     15 7.27207E-01
      8     16 1.74668E+00
      8     17 7.07320E-04
      8     18 1.65260E-03
      8     19 4.74256E-03
      8     20 1.37057E-02
      8     21 3.82676E-02
      8     22 9.94490E-02
      8     23 2.21444E-01
      8     24 3.54235E-01
      8     25 4.66679E-04
      8     26 1.02208E-03
      8     27 2.71281E-03
      8     28 7.11112E-03
      8     29 1.74513E-02
      8     30 3.82582E-02
      8     31 6.97896E-02
      8     32 9.70944E-02
      8     33 2.75957E-04
      8     34 5.61854E-04
      8     35 1.36871E-03
      8     36 3.25296E-03
      8     37 7.11245E-03
      8     38 1.37056E-02
      8     39 2.21621E-02
      8     40 2.86174E-02
      8     41 1.50018E-04
      8     42 2.82879E-04
      8     43 6.31743E-04
      8     44 1.36904E-03
      8     45 2.71316E-03
      8     46 4.74383E-03
      8     47 7.06801E-03
      8     48 8.70447E-03
      8     49 7.94084E-05
      8     50 1.38241E-04
      8     51 2.82788E-04
      8     52 5.61881E-04
      8     53 1.02227E-03
      8     54 1.65260E-03
      8     55 2.31597E-03
      8     56 2.75728E-03
      8     57 4.89307E-05
      8     58 7.93942E-05
      8     59 1.49993E-04
      8     60 2.75952E-04
      8     61 4.66682E-04
      8     62 7.07350E-04
      8     63 9.44137E-04
      8     64 1.09446E-03
      9      1 1.74764E+00
      9      2 7.26815E-01
      9      3 2.21491E-01
      9      4 6.98116E-02
      9      5 2.21677E-02
      9      6 7.06742E-03
      9      7 2.31604E-03
      9      8 9.43943E-04
      9      9 5.72102E+00
      9     10 1.24224E+00
      9     11 2.32343E-01
      9     12 6.55912E-02
      9     13 2.01671E-02
      9     14 6.37990E-03
      9     15 2.09408E-03
      9     16 8.57788E-04
      9     17 1.48930E+00
      9     18 5.75231E-01
      9     19 1.60265E-01
      9     20 4.89968E-02
      9     21 1.55718E-02
      9     22 5.03660E-03
      9     23 1.68584E-03
      9     24 7.03300E-04
      9     25 2.85877E-01
      9     26 1.73893E-01
      9     27 7.49159E-02
      9     28 2.79267E-02
      9     29 9.85172E-03
      9     30 3.40020E-03
      9     31 1.19261E-03
      9     32 5.16778E-04
      9     33 7.72125E-02
      9     34 5.47160E-02
      9     35 2.93072E-02
      9     36 1.30586E-02
      9     37 5.22982E-03
      9     38 1.97660E-03
      9     39 7.43535E-04
      9     40 3.40870E-04
      9     41 2.26739E-02
      9     42 1.74154E-02
      9     43 1.06180E-02
      9     44 5.42210E-03
      9     45 2.44634E-03
      9     46 1.02032E-03
      9     47 4.17415E-04
      9     48 2.05401E-04
      9     49 7.04320E-03
      9     50 5.69650E-03
      9     51 3.79898E-03
      9     52 2.15838E-03
      9     53 1.08356E-03
      9     54 4.99167E-04
      9     55 2.24050E-04
      9     56 1.19582E-04
      9     57 2.75751E-03
      9     58 2.31630E-03
      9     59 1.65296E-03
      9     60 1.02252E-03
      9     61 5.62021E-04
      9     62 2.82902E-04
      9     63 1.38294E-04
      9     64 7.94195E-05
     10      1 7.26535E-01
     10      2 1.24095E+00
     10      3 5.75299E-01
     10      4 1.73846E-01
     10      5 5.47080E-02
     10      6 1.74068E-02
     10      7 5.69474E-03
     10      8 2.31538E-03
     10      9 1.24224E+00
     10     10 4.71177E+00
     10     11 1.07388E+00
     10     12 1.86929E-01
     10     13 5.17998E-02
     10     14 1.58700E-02
     10     15 5.14400E-03
     10     16 2.09336E-03
     10     17 5.75161E-01
     10     18 1.07654E+00
     10     19 4.64420E-01
     10     20 1.26855E-01
     10     21 3.84691E-02
     10     22 1.22117E-02
     10     23 4.05493E-03
     10     24 1.68518E-03
     10     25 1.73853E-01
     10     26 1.86903E-01
     10     27 1.26837E-01
     10     28 5.68505E-02
     10     29 2.14753E-02
     10     30 7.64104E-03
     10     31 2.72418E-03
     10     32 1.19235E-03
     10     33 5.47063E-02
     10     34 5.17943E-02
     10     35 3.84640E-02
     10     36 2.14732E-02
     10     37 9.80569E-03
     10     38 3.99595E-03
     10     39 1.57392E-03
     10     40 7.43320E-04
     10     41 1.74118E-02
     10     42 1.58777E-02
     10     43 1.22149E-02
     10     44 7.64181E-03
     10     45 3.99605E-03
     10     46 1.84291E-03
     10     47 8.08312E-04
     10     48 4.17308E-04
     10     49 5.69614E-03
     10     50 5.14466E-03
     10     51 4.05469E-03
     10     52 2.72447E-03
     10     53 1.57387E-03
     10     54 8.08264E-04
     10     55 3.94635E-04
     10     56 2.24013E-04
     10     57 2.31600E-03
     10     58 2.09393E-03
     10     59 1.68544E-03
     10     60 1.19246E-03
     10     61 7.43365E-04
     10     62 4.17316E-04
     10     63 2.24020E-04
     10     64 1.38250E-04
     11      1 2.21483E-01
     11      2 5.74967E-01
     11      3 1.19404E+00
     11      4 5.60426E-01
     11      5 1.69083E-01
     11      6 5.33151E-02
     11      7 1.74060E-02
     11      8 7.06506E-03
     11      9 2.32343E-01
     11     10 1.07388E+00
     11     11 4.66675E+00
     11     12 1.06181E+00
     11     13 1.82617E-01
     11     14 5.05367E-02
     11     15 1.58714E-02
     11     16 6.37826E-03
     11     17 1.60272E-01
     11     18 4.64660E-01
     11     19 1.04124E+00
     11     20 4.53417E-01
     11     21 1.23522E-01
     11     22 3.74660E-02
     11     23 1.22140E-02
     11     24 5.03561E-03
     11     25 7.49202E-02
     11     26 1.26855E-01
     11     27 1.68852E-01
     11     28 1.20421E-01
     11     29 5.46405E-02
     11     30 2.07939E-02
     11     31 7.64105E-03
     11     32 3.39943E-03
     11     33 2.93033E-02
     11     34 3.84655E-02
     11     35 4.39752E-02
     11     36 3.52160E-02
     11     37 2.02423E-02
     11     38 9.40287E-03
     11     39 3.99600E-03
     11     40 1.97611E-03
     11     41 1.06182E-02
     11     42 1.22191E-02
     11     43 1.29016E-02
     11     44 1.07908E-02
     11     45 7.03959E-03
     11     46 3.78384E-03
     11     47 1.84305E-03
     11     48 1.02010E-03
     11     49 3.79932E-03
     11     50 4.05532E-03
     11     51 4.07043E-03
     11     52 3.47150E-03
     11     53 2.44945E-03
     11     54 1.46934E-03
     11     55 8.08235E-04
     11     56 4.99063E-04
     11     57 1.65299E-03
     11     58 1.68563E-03
     11     59 1.63363E-03
     11     60 1.40670E-03
     11     61 1.04794E-03
     11     62 6.84481E-04
     11     63 4.17337E-04
     11     64 2.82820E-04
     12      1 6.98109E-02
     12      2 1.73868E-01
     12      3 5.60600E-01
     12      4 1.19099E+00
     12      5 5.58897E-01
     12      6 1.69095E-01
     12      7 5.47048E-02
     12      8 2.21590E-02
     12      9 6.55912E-02
     12     10 1.86929E-01
     12     11 1.06181E+00
     12     12 4.65603E+00
     12     13 1.06079E+00
     12     14 1.82581E-01
     12     15 5.17921E-02
     12     16 2.01575E-02
     12     17 4.89949E-02
     12     18 1.26890E-01
     12     19 4.53326E-01
     12     20 1.04020E+00
     12     21 4.53151E-01
     12     22 1.23484E-01
     12     23 3.84633E-02
     12     24 1.55639E-02
     12     25 2.79244E-02
     12     26 5.68434E-02
     12     27 1.20403E-01
     12     28 1.66614E-01
     12     29 1.19722E-01
     12     30 5.46295E-02
     12     31 2.14726E-02
     12     32 9.84854E-03
     12     33 1.30587E-02
     12     34 2.14757E-02
     12     35 3.52097E-02
     12     36 4.27400E-02
     12     37 3.48068E-02
     12     38 2.02409E-02
     12     39 9.80544E-03
     12     40 5.22858E-03
     12     41 5.42185E-03
     12     42 7.64419E-03
     12     43 1.07901E-02
     12     44 1.22970E-02
     12     45 1.05772E-02
     12     46 7.03851E-03
     12     47 3.99593E-03
     12     48 2.44556E-03
     12     49 2.15821E-03
     12     50 2.72433E-03
     12     51 3.47075E-03
     12     52 3.79549E-03
     12     53 3.36622E-03
     12     54 2.44896E-03
     12     55 1.57360E-03
     12     56 1.08323E-03
     12     57 1.02243E-03
     12     58 1.19239E-03
     12     59 1.40644E-03
     12     60 1.48899E-03
     12     61 1.34759E-03
     12     62 1.04771E-03
     12     63 7.43296E-04
     12     64 5.61798E-04
     13      1 2.21673E-02
     13      2 5.47125E-02
     13      3 1.69121E-01
     13      4 5.59098E-01
     13      5 1.18953E+00
     13      6 5.60518E-01
     13      7 1.73890E-01
     13      8 6.98011E-02
     13      9 2.01671E-02
     13     10 5.17998E-02
     13     11 1.82617E-01
     13     12 1.06079E+00
     13     13 4.65558E+00
     13     14 1.06253E+00
     13     15 1.86957E-01
     13     16 6.55748E-02
     13     17 1.55683E-02
     13     18 3.84696E-02
     13     19 1.23491E-01
     13     20 4.53124E-01
     13     21 1.04043E+00
     13     22 4.54026E-01
     13     23 1.26903E-01
     13     24 4.89927E-02
     13     25 9.85037E-03
     13     26 2.14737E-02
     13     27 5.46452E-02
     13     28 1.19752E-01
     13     29 1.66578E-01
     13     30 1.20391E-01
     13     31 5.68541E-02
     13     32 2.79248E-02
     13     33 5.22955E-03
     13     34 9.80694E-03
     13     35 2.02401E-02
     13     36 3.48146E-02
     13     37 4.27332E-02
     13     38 3.52115E-02
     13     39 2.14758E-02
     13     40 1.30589E-02
     13     41 2.44614E-03
     13     42 3.99726E-03
     13     43 7.03932E-03
     13     44 1.05781E-02
     13     45 1.22961E-02
     13     46 1.07895E-02
     13     47 7.64261E-03
     13     48 5.42135E-03
     13     49 1.08349E-03
     13     50 1.57384E-03
     13     51 2.44917E-03
     13     52 3.36669E-03
     13     53 3.79490E-03
     13     54 3.47047E-03
     13     55 2.72412E-03
     13     56 2.15795E-03
     13     57 5.61966E-04
     13     58 7.43302E-04
     13     59 1.04775E-03
     13     60 1.34766E-03
     13     61 1.48884E-03
     13     62 1.40633E-03
     13     63 1.19245E-03
     13     64 1.02225E-03
     14      1 7.06641E-03
     14      2 1.74057E-02
     14      3 5.33183E-02
     14      4 1.69056E-01
     14      5 5.60148E-01
     14      6 1.19425E+00
     14      7 5.75363E-01
     14      8 2.21426E-01
     14      9 6.37990E-03
     14     10 1.58700E-02
     14     11 5.05367E-02
     14     12 1.82581E-01
     14     13 1.06253E+00
     14     14 4.66453E+00
     14     15 1.07544E+00
     14     16 2.32274E-01
     14     17 5.03579E-03
     14     18 1.22127E-02
     14     19 3.74639E-02
     14     20 1.23483E-01
     14     21 4.53691E-01
     14     22 1.04174E+00
     14     23 4.63832E-01
     14     24 1.60257E-01
     14     25 3.39914E-03
     14     26 7.63938E-03
     14     27 2.07918E-02
     14     28 5.46298E-02
     14     29 1.20383E-01
     14     30 1.68832E-01
     14     31 1.26862E-01
     14     32 7.49130E-02
     14     33 1.97594E-03
     14     34 3.99538E-03
     14     35 9.39926E-03
     14     36 2.02415E-02
     14     37 3.52130E-02
     14     38 4.39710E-02
     14     39 3.84663E-02
     14     40 2.93036E-02
     14     41 1.02004E-03
     14     42 1.84312E-03
     14     43 3.78319E-03
     14     44 7.03857E-03
     14     45 1.07891E-02
     14     46 1.29006E-02
     14     47 1.22168E-02
     14     48 1.06170E-02
     14     49 4.99034E-04
     14     50 8.08116E-04
     14     51 1.46903E-03
     14     52 2.44926E-03
     14     53 3.47065E-03
     14     54 4.06990E-03
     14     55 4.05495E-03
     14     56 3.79886E-03
     14     57 2.82827E-04
     14     58 4.17221E-04
     14     59 6.84315E-04
     14     60 1.04776E-03
     14     61 1.40636E-03
     14     62 1.63337E-03
     14     63 1.68569E-03
     14     64 1.65277E-03
     15      1 2.31600E-03
     15      2 5.69507E-03
     15      3 1.74090E-02
     15      4 5.47023E-02
     15      5 1.73868E-01
     15      6 5.75734E-01
     15      7 1.24272E+00
     15      8 7.27207E-01
     15      9 2.09408E-03
     15     10 5.14400E-03
     15     11 1.58714E-02
     15     12 5.17921E-02
     15     13 1.86957E-01
     15     14 1.07544E+00
     15     15 4.70470E+00
     15     16 1.24361E+00
     15     17 1.68541E-03
     15     18 4.05490E-03
     15     19 1.22126E-02
     15     20 3.84595E-02
     15     21 1.26904E-01
     15     22 4.63911E-01
     15     23 1.07755E+00
     15     24 5.75788E-01
     15     25 1.19238E-03
     15     26 2.72389E-03
     15     27 7.64079E-03
     15     28 2.14729E-02
     15     29 5.68422E-02
     15     30 1.26864E-01
     15     31 1.86918E-01
     15     32 1.73852E-01
     15     33 7.43341E-04
     15     34 1.57384E-03
     15     35 3.99490E-03
     15     36 9.80652E-03
     15     37 2.14779E-02
     15     38 3.84629E-02
     15     39 5.18014E-02
     15     40 5.47118E-02
     15     41 4.17321E-04
     15     42 8.08427E-04
     15     43 1.84279E-03
     15     44 3.99599E-03
     15     45 7.64204E-03
     15     46 1.22164E-02
     15     47 1.58776E-02
     15     48 1.74117E-02
     15     49 2.24021E-04
     15     50 3.94615E-04
     15     51 8.08173E-04
     15     52 1.57393E-03
     15     53 2.72438E-03
     15     54 4.05487E-03
     15     55 5.14498E-03
     15     56 5.69624E-03
     15     57 1.38269E-04
     15     58 2.23981E-04
     15     59 4.17255E-04
     15     60 7.43327E-04
     15     61 1.19237E-03
     15     62 1.68543E-03
     15     63 2.09435E-03
     15     64 2.31614E-03
     16      1 9.43865E-04
     16      2 2.31534E-03
     16      3 7.06571E-03
     16      4 2.21568E-02
     16      5 6.97866E-02
     16      6 2.21445E-01
     16      7 7.26864E-01
     16      8 1.74668E+00
     16      9 8.57788E-04
     16     10 2.09336E-03
     16     11 6.37826E-03
     16     12 2.01575E-02
     16     13 6.55748E-02
     16     14 2.32274E-01
     16     15 1.24361E+00
     16     16 5.71824E+00
     16     17 7.03163E-04
     16     18 1.68528E-03
     16     19 5.03542E-03
     16     20 1.55634E-02
     16     21 4.89968E-02
     16     22 1.60241E-01
     16     23 5.76191E-01
     16     24 1.49112E+00
     16     25 5.16625E-04
     16     26 1.19212E-03
     16     27 3.39899E-03
     16     28 9.84775E-03
     16     29 2.79168E-02
     16     30 7.49053E-02
     16     31 1.73840E-01
     16     32 2.85772E-01
     16     33 3.40776E-04
     16     34 7.43265E-04
     16     35 1.97552E-03
     16     36 5.22866E-03
     16     37 1.30580E-02
     16     38 2.92951E-02
     16     39 5.47060E-02
     16     40 7.72027E-02
     16     41 2.05344E-04
     16     42 4.17348E-04
     16     43 1.01995E-03
     16     44 2.44556E-03
     16     45 5.42081E-03
     16     46 1.06166E-02
     16     47 1.74118E-02
     16     48 2.26696E-02
     16     49 1.19550E-04
     16     50 2.23970E-04
     16     51 4.98958E-04
     16     52 1.08328E-03
     16     53 2.15785E-03
     16     54 3.79830E-03
     16     55 5.69575E-03
     16     56 7.04213E-03
     16     57 7.94068E-05
     16     58 1.38231E-04
     16     59 2.82777E-04
     16     60 5.61841E-04
     16     61 1.02221E-03
     16     62 1.65259E-03
     16     63 2.31635E-03
     16     64 2.75728E-03
     17      1 3.54245E-01
     17      2 2.21477E-01
     17      3 9.94622E-02
     17      4 3.82653E-02
     17      5 1.37093E-02
     17      6 4.74330E-03
     17      7 1.65266E-03
     17      8 7.07320E-04
     17      9 1.48930E+00
     17     10 5.75161E-01
     17     11 1.60272E-01
     17     12 4.89949E-02
     17     13 1.55683E-02
     17     14 5.03579E-03
     17     15 1.68541E-03
     17     16 7.03163E-04
     17     17 5.65568E+00
     17     18 1.19392E+00
     17     19 2.07720E-01
     17     20 5.52329E-02
     17     21 1.63068E-02
     17     22 5.03552E-03
     17     23 1.63368E-03
     17     24 6.67044E-04
     17     25 1.46828E+00
     17     26 5.60239E-01
     17     27 1.51295E-01
     17     28 4.45931E-02
     17     29 1.36857E-02
     17     30 4.29998E-03
     17     31 1.40662E-03
     17     32 5.77400E-04
     17     33 2.79857E-01
     17     34 1.69104E-01
     17     35 7.18291E-02
     17     36 2.62300E-02
     17     37 9.04291E-03
     17     38 3.05101E-03
     17     39 1.04803E-03
     17     40 4.46111E-04
     17     41 7.55415E-02
     17     42 5.33387E-02
     17     43 2.83534E-02
     17     44 1.25017E-02
     17     45 4.94325E-03
     17     46 1.84340E-03
     17     47 6.84535E-04
     17     48 3.10346E-04
     17     49 2.26704E-02
     17     50 1.74103E-02
     17     51 1.06158E-02
     17     52 5.42147E-03
     17     53 2.44599E-03
     17     54 1.02022E-03
     17     55 4.17335E-04
     17     56 2.05381E-04
     17     57 8.70413E-03
     17     58 7.06752E-03
     17     59 4.74366E-03
     17     60 2.71349E-03
     17     61 1.36928E-03
     17     62 6.31895E-04
     17     63 2.82871E-04
     17     64 1.50023E-04
     18      1 2.21486E-01
     18      2 2.32337E-01
     18      3 1.60288E-01
     18      4 7.49289E-02
     18      5 2.93062E-02
     18      6 1.06161E-02
     18      7 3.79866E-03
     18      8 1.65260E-03
     18      9 5.75231E-01
     18     10 1.07654E+00
     18     11 4.64660E-01
     18     12 1.26890E-01
     18     13 3.84696E-02
     18     14 1.22127E-02
     18     15 4.05490E-03
     18     16 1.68528E-03
     18     17 1.19392E+00
     18     18 4.66327E+00
     18     19 1.04174E+00
     18     20 1.68868E-01
     18     21 4.39837E-02
     18     22 1.28980E-02
     18     23 4.07068E-03
     18     24 1.63346E-03
     18     25 5.60394E-01
     18     26 1.06156E+00
     18     27 4.53678E-01
     18     28 1.20427E-01
     18     29 3.52193E-02
     18     30 1.07904E-02
     18     31 3.47118E-03
     18     32 1.40664E-03
     18     33 1.69113E-01
     18     34 1.82605E-01
     18     35 1.23512E-01
     18     36 5.46386E-02
     18     37 2.02431E-02
     18     38 7.03956E-03
     18     39 2.44970E-03
     18     40 1.04792E-03
     18     41 5.33393E-02
     18     42 5.05699E-02
     18     43 3.74794E-02
     18     44 2.07981E-02
     18     45 9.40351E-03
     18     46 3.78390E-03
     18     47 1.46948E-03
     18     48 6.84514E-04
     18     49 1.74127E-02
     18     50 1.58755E-02
     18     51 1.22145E-02
     18     52 7.64250E-03
     18     53 3.99621E-03
     18     54 1.84304E-03
     18     55 8.08293E-04
     18     56 4.17349E-04
     18     57 7.06792E-03
     18     58 6.38077E-03
     18     59 5.03691E-03
     18     60 3.40004E-03
     18     61 1.97639E-03
     18     62 1.02021E-03
     18     63 4.99111E-04
     18     64 2.82835E-04
     19      1 9.94564E-02
     19      2 1.60254E-01
     19      3 2.07743E-01
     19      4 1.51322E-01
     19      5 7.18265E-02
     19      6 2.83486E-02
     19      7 1.06149E-02
     19      8 4.74256E-03
     19      9 1.60265E-01
     19     10 4.64420E-01
     19     11 1.04124E+00
     19     12 4.53326E-01
     19     13 1.23491E-01
     19     14 3.74639E-02
     19     15 1.22126E-02
     19     16 5.03542E-03
     19     17 2.07720E-01
     19     18 1.04174E+00
     19     19 4.62775E+00
     19     20 1.02999E+00
     19     21 1.65461E-01
     19     22 4.29850E-02
     19     23 1.28992E-02
     19     24 5.03539E-03
     19     25 1.51287E-01
     19     26 4.53701E-01
     19     27 1.03054E+00
     19     28 4.43736E-01
     19     29 1.17526E-01
     19     30 3.43770E-02
     19     31 1.07892E-02
     19     32 4.29962E-03
     19     33 7.18230E-02
     19     34 1.23485E-01
     19     35 1.65395E-01
     19     36 1.17503E-01
     19     37 5.26364E-02
     19     38 1.96389E-02
     19     39 7.03961E-03
     19     40 3.05074E-03
     19     41 2.83542E-02
     19     42 3.74857E-02
     19     43 4.29958E-02
     19     44 3.43760E-02
     19     45 1.96382E-02
     19     46 9.02761E-03
     19     47 3.78395E-03
     19     48 1.84329E-03
     19     49 1.06167E-02
     19     50 1.22137E-02
     19     51 1.28978E-02
     19     52 1.07896E-02
     19     53 7.03865E-03
     19     54 3.78358E-03
     19     55 1.84280E-03
     19     56 1.02013E-03
     19     57 4.74367E-03
     19     58 5.03632E-03
     19     59 5.03566E-03
     19     60 4.29953E-03
     19     61 3.05068E-03
     19     62 1.84321E-03
     19     63 1.02013E-03
     19     64 6.31758E-04
     20      1 3.82668E-02
     20      2 7.49195E-02
     20      3 1.51303E-01
     20      4 2.04706E-01
     20      5 1.50402E-01
     20      6 7.18237E-02
     20      7 2.93006E-02
     20      8 1.37057E-02
     20      9 4.89968E-02
     20     10 1.26855E-01
     20     11 4.53417E-01
     20     12 1.04020E+00
     20     13 4.53124E-01
     20     14 1.23483E-01
     20     15 3.84595E-02
     20     16 1.55634E-02
     20     17 5.52329E-02
     20     18 1.68868E-01
     20     19 1.02999E+00
     20     20 4.62044E+00
     20     21 1.03054E+00
     20     22 1.65394E-01
     20     23 4.39695E-02
     20     24 1.63008E-02
     20     25 4.45926E-02
     20     26 1.20398E-01
     20     27 4.44057E-01
     20     28 1.02735E+00
     20     29 4.43404E-01
     20     30 1.17511E-01
     20     31 3.52106E-02
     20     32 1.36833E-02
     20     33 2.62335E-02
     20     34 5.46452E-02
     20     35 1.17497E-01
     20     36 1.63458E-01
     20     37 1.16920E-01
     20     38 5.26439E-02
     20     39 2.02440E-02
     20     40 9.04225E-03
     20     41 1.25023E-02
     20     42 2.08042E-02
     20     43 3.43806E-02
     20     44 4.18414E-02
     20     45 3.40068E-02
     20     46 1.96390E-02
     20     47 9.40363E-03
     20     48 4.94269E-03
     20     49 5.42177E-03
     20     50 7.64172E-03
     20     51 1.07893E-02
     20     52 1.22983E-02
     20     53 1.05777E-02
     20     54 7.03880E-03
     20     55 3.99571E-03
     20     56 2.44577E-03
     20     57 2.71360E-03
     20     58 3.39965E-03
     20     59 4.29951E-03
     20     60 4.68755E-03
     20     61 4.16692E-03
     20     62 3.05066E-03
     20     63 1.97625E-03
     20     64 1.36900E-03
     21      1 1.37112E-02
     21      2 2.93049E-02
     21      3 7.18278E-02
     21      4 1.50369E-01
     21      5 2.04660E-01
     21      6 1.51325E-01
     21      7 7.49354E-02
     21      8 3.82676E-02
     21      9 1.55718E-02
     21     10 3.84691E-02
     21     11 1.23522E-01
     21     12 4.53151E-01
     21     13 1.04043E+00
     21     14 4.53691E-01
     21     15 1.26904E-01
     21     16 4.89968E-02
     21     17 1.63068E-02
     21     18 4.39837E-02
     21     19 1.65461E-01
     21     20 1.03054E+00
     21     21 4.61795E+00
     21     22 1.03130E+00
     21     23 1.68931E-01
     21     24 5.52450E-02
     21     25 1.36869E-02
     21     26 3.52183E-02
     21     27 1.17538E-01
     21     28 4.43640E-01
     21     29 1.02726E+00
     21     30 4.44163E-01
     21     31 1.20431E-01
     21     32 4.46038E-02
     21     33 9.04499E-03
     21     34 2.02482E-02
     21     35 5.26385E-02
     21     36 1.16962E-01
     21     37 1.63432E-01
     21     38 1.17528E-01
     21     39 5.46498E-02
     21     40 2.62359E-02
     21     41 4.94414E-03
     21     42 9.40732E-03
     21     43 1.96421E-02
     21     44 3.40118E-02
     21     45 4.18412E-02
     21     46 3.43818E-02
     21     47 2.08010E-02
     21     48 1.25022E-02
     21     49 2.44649E-03
     21     50 3.99647E-03
     21     51 7.03962E-03
     21     52 1.05799E-02
     21     53 1.22971E-02
     21     54 1.07893E-02
     21     55 7.64174E-03
     21     56 5.42148E-03
     21     57 1.36951E-03
     21     58 1.97634E-03
     21     59 3.05088E-03
     21     60 4.16734E-03
     21     61 4.68735E-03
     21     62 4.29953E-03
     21     63 3.40006E-03
     21     64 2.71324E-03
     22      1 4.74325E-03
     22      2 1.06141E-02
     22      3 2.83465E-02
     22      4 7.18063E-02
     22      5 1.51286E-01
     22      6 2.07753E-01
     22      7 1.60278E-01
     22      8 9.94490E-02
     22      9 5.03660E-03
     22     10 1.22117E-02
     22     11 3.74660E-02
     22     12 1.23484E-01
     22     13 4.54026E-01
     22     14 1.04174E+00
     22     15 4.63911E-01
     22     16 1.60241E-01
     22     17 5.03552E-03
     22     18 1.28980E-02
     22     19 4.29850E-02
     22     20 1.65394E-01
     22     21 1.03130E+00
     22     22 4.62677E+00
     22     23 1.04138E+00
     22     24 2.07761E-01
     22     25 4.29928E-03
     22     26 1.07875E-02
     22     27 3.43716E-02
     22     28 1.17508E-01
     22     29 4.44685E-01
     22     30 1.02919E+00
     22     31 4.53298E-01
     22     32 1.51334E-01
     22     33 3.05072E-03
     22     34 7.03894E-03
     22     35 1.96330E-02
     22     36 5.26475E-02
     22     37 1.17546E-01
     22     38 1.65462E-01
     22     39 1.23529E-01
     22     40 7.18417E-02
     22     41 1.84331E-03
     22     42 3.78456E-03
     22     43 9.02761E-03
     22     44 1.96405E-02
     22     45 3.43827E-02
     22     46 4.30066E-02
     22     47 3.74881E-02
     22     48 2.83581E-02
     22     49 1.02019E-03
     22     50 1.84281E-03
     22     51 3.78352E-03
     22     52 7.03998E-03
     22     53 1.07903E-02
     22     54 1.29001E-02
     22     55 1.22160E-02
     22     56 1.06180E-02
     22     57 6.31881E-04
     22     58 1.02003E-03
     22     59 1.84315E-03
     22     60 3.05095E-03
     22     61 4.29975E-03
     22     62 5.03634E-03
     22     63 5.03789E-03
     22     64 4.74416E-03
     23      1 1.65301E-03
     23      2 3.79874E-03
     23      3 1.06166E-02
     23      4 2.93008E-02
     23      5 7.49218E-02
     23      6 1.60295E-01
     23      7 2.32329E-01
     23      8 2.21444E-01
     23      9 1.68584E-03
     23     10 4.05493E-03
     23     11 1.22140E-02
     23     12 3.84633E-02
     23     13 1.26903E-01
     23     14 4.63832E-01
     23     15 1.07755E+00
     23     16 5.76191E-01
     23     17 1.63368E-03
     23     18 4.07068E-03
     23     19 1.28992E-02
     23     20 4.39695E-02
     23     21 1.68931E-01
     23     22 1.04138E+00
     23     23 4.66068E+00
     23     24 1.19532E+00
     23     25 1.40670E-03
     23     26 3.47100E-03
     23     27 1.07898E-02
     23     28 3.52162E-02
     23     29 1.20428E-01
     23     30 4.53654E-01
     23     31 1.06172E+00
     23     32 5.60617E-01
     23     33 1.04802E-03
     23     34 2.44969E-03
     23     35 7.03830E-03
     23     36 2.02468E-02
     23     37 5.46594E-02
     23     38 1.23499E-01
     23     39 1.82636E-01
     23     40 1.69128E-01
     23     41 6.84566E-04
     23     42 1.46979E-03
     23     43 3.78394E-03
     23     44 9.40406E-03
     23     45 2.07999E-02
     23     46 3.74836E-02
     23     47 5.05652E-02
     23     48 5.33346E-02
     23     49 4.17382E-04
     23     50 8.08291E-04
     23     51 1.84291E-03
     23     52 3.99654E-03
     23     53 7.64255E-03
     23     54 1.22148E-02
     23     55 1.58755E-02
     23     56 1.74115E-02
     23     57 2.82890E-04
     23     58 4.99049E-04
     23     59 1.02009E-03
     23     60 1.97634E-03
     23     61 3.39982E-03
     23     62 5.03675E-03
     23     63 6.38171E-03
     23     64 7.06780E-03
     24      1 7.07396E-04
     24      2 1.65246E-03
     24      3 4.74290E-03
     24      4 1.37049E-02
     24      5 3.82569E-02
     24      6 9.94518E-02
     24      7 2.21432E-01
     24      8 3.54235E-01
     24      9 7.03300E-04
